23	 0	34	34	
23	 0	26	26	
23	 0	33	33	
23	 0	27	27	
23	 0	32	25	
23	 0	25	32	
23	 0	24	24	
23	 0	28	23	
23	 0	 0	 0	

11	 0	 3	 3	
11	 0	 2	11	
11	 0	 7	 9	
11	 0	 6	 2	
11	 0	10	 7	
11	 0	 4	 4	
11	 0	 5	 5	
11	 0	 8	 6	
11	 0	20	20	
11	 0	29	29	

21	 0	30	21	
21	 0	28	30	
21	 0	27	28	
21	 0	31	25	
21	 0	26	27	
21	 0	32	31	
21	 0	29	26	
21	 0	 0	29	
21	 0	14	14	
21	 0	 7	 7	

29	 0	26	26	
29	 0	34	34	
29	 0	 1	 1	
29	 0	32	31	
29	 0	33	32	
29	 0	30	29	
29	 0	28	33	
29	 0	25	30	
29	 0	 0	 0	
29	 0	 7	 7	

 7	 0	 1	 1	
 7	 0	 0	 7	
 7	 0	 6	 0	
 7	 0	 8	 6	
 7	 0	10	 8	
 7	 0	 2	10	
 7	 0	34	 9	
 7	 0	 4	 2	

31	 0	34	34	
31	 0	33	33	
31	 0	 0	 0	
31	 0	32	32	
31	 0	 8	31	
31	 0	30	 8	
31	 0	12	30	
31	 0	 1	 9	
31	 0	 7	 7	

 7	 0	 0	 7	
 7	 0	 1	 0	
 7	 0	26	 1	
 7	 0	 2	 2	

21	 0	19	19	
21	 0	 0	21	
21	 0	18	 0	
21	 0	20	18	
21	 0	22	20	
21	 0	 8	22	
21	 0	16	23	
21	 0	24	 8	
21	 0	 7	 7	

21	 0	26	26	
21	 0	24	21	
21	 0	22	24	
21	 0	23	22	
21	 0	30	23	
21	 0	34	20	
21	 0	20	25	
21	 0	28	27	
21	 0	 0	 0	
21	 0	 1	 1	

23	 0	33	33	
23	 0	32	32	
23	 0	34	34	
23	 0	24	24	
23	 0	31	25	
23	 0	30	31	
23	 0	26	30	
23	 0	28	23	
23	 0	 7	 7	

23	 0	26	26	
23	 0	 0	 0	
23	 0	24	24	
23	 0	22	22	
23	 0	25	23	
23	 0	27	25	
23	 0	28	21	
23	 0	20	27	
23	 0	 8	 8	
23	 0	13	13	

21	 0	26	26	
21	 0	22	22	
21	 0	23	23	
21	 0	24	24	
21	 0	30	21	
21	 0	34	25	
21	 0	28	27	
21	 0	32	28	
21	 0	 0	 0	
21	 0	 1	 1	

23	 0	27	27	
23	 0	 0	 0	
23	 0	26	26	
23	 0	25	25	
23	 0	 1	 1	
23	 0	28	28	
23	 0	24	24	
23	 0	22	23	

 8	 0	 1	 8	
 8	 0	22	 7	
 8	 0	20	 9	
 8	 0	21	 1	
 8	 0	23	17	
 8	 0	26	19	
 8	 0	24	20	
 8	 0	18	21	
 8	 0	 7	 7	
 8	 0	 0	 0	

15	 0	32	32	
15	 0	31	31	
15	 0	30	30	
15	 0	33	33	
15	 0	29	29	
15	 0	26	26	
15	 0	28	28	
15	 0	14	15	
15	 0	 5	 5	
15	 0	 8	 8	

33	 0	26	26	
33	 0	27	27	
33	 0	28	28	
33	 0	32	32	
33	 0	29	33	
33	 0	30	29	
33	 0	34	30	
33	 0	25	31	
33	 0	 0	 0	
33	 0	18	18	

25	 0	 3	 3	
25	 0	 2	 2	
25	 0	 4	 4	
25	 0	 5	 5	
25	 0	24	25	
25	 0	 6	24	
25	 0	26	 6	
25	 0	14	23	
25	 0	30	30	
25	 0	 0	 0	

17	 0	 5	 5	
17	 0	 6	 6	
17	 0	 7	 7	
17	 0	 4	 4	
17	 0	 0	 0	
17	 0	 2	 2	
17	 0	20	17	
17	 0	 3	 3	

16	 0	 1	 1	
16	 0	26	16	
16	 0	20	17	
16	 0	30	26	
16	 0	34	12	
16	 0	24	20	
16	 0	28	23	
16	 0	32	24	
16	 0	 0	 0	

19	 0	12	12	
19	 0	13	13	
19	 0	 0	 0	
19	 0	11	 9	
19	 0	14	11	
19	 0	18	14	
19	 0	 8	19	
19	 0	20	18	
19	 0	 1	 1	

13	 0	30	30	
13	 0	29	29	
13	 0	 1	 1	
13	 0	34	34	
13	 0	28	13	
13	 0	31	33	
13	 0	26	28	
13	 0	14	31	
13	 0	 7	 7	

11	 0	 1	 1	
11	 0	 8	 8	
11	 0	 7	 7	
11	 0	 6	 6	
11	 0	 9	11	
11	 0	 4	 9	
11	 0	 5	 4	
11	 0	 3	 5	

29	 0	 0	 0	
29	 0	34	34	
29	 0	33	33	
29	 0	32	29	
29	 0	31	31	
29	 0	 1	32	
29	 0	26	 1	
29	 0	30	26	
29	 0	21	21	
29	 0	 7	 7	

33	 0	 1	 1	
33	 0	16	16	
33	 0	34	34	
33	 0	26	19	
33	 0	15	33	
33	 0	17	26	
33	 0	22	15	
33	 0	23	17	

31	 0	 0	 0	
31	 0	 1	 1	
31	 0	32	32	
31	 0	30	33	
31	 0	34	31	
31	 0	28	30	
31	 0	24	29	
31	 0	26	34	
31	 0	17	17	
31	 0	10	10	

 3	 0	 6	 6	
 3	 0	 7	 7	
 3	 0	 8	 8	
 3	 0	 0	 0	
 3	 0	 5	 5	
 3	 0	 4	 4	
 3	 0	12	 3	
 3	 0	 2	12	
 3	 0	31	31	

19	 0	10	10	
19	 0	 1	 1	
19	 0	16	16	
19	 0	 4	13	
19	 0	 2	19	
19	 0	18	 3	
19	 0	12	 4	
19	 0	 9	 2	
19	 0	24	24	
19	 0	22	22	

13	 0	25	13	
13	 0	 1	25	
13	 0	26	 1	
13	 0	16	16	

 3	 0	26	26	
 3	 0	28	28	
 3	 0	 1	 1	
 3	 0	29	29	
 3	 0	34	34	
 3	 0	 0	 5	
 3	 0	10	 0	
 3	 0	 4	 3	
 3	 0	22	22	

17	 0	 1	17	
17	 0	20	 1	
17	 0	30	20	
17	 0	24	24	
17	 0	28	25	
17	 0	21	27	
17	 0	22	30	
17	 0	32	28	
17	 0	 0	 0	
17	 0	 8	 8	

 9	 0	 1	 1	
 9	 0	24	24	
 9	 0	 2	 3	
 9	 0	 4	 2	
 9	 0	25	 4	
 9	 0	 0	25	
 9	 0	 8	 0	
 9	 0	 6	 9	

17	 0	 0	 0	
17	 0	20	20	
17	 0	14	17	
17	 0	16	13	
17	 0	18	14	
17	 0	21	15	
17	 0	 1	16	
17	 0	12	18	
17	 0	26	26	

13	 0	 0	 0	
13	 0	 1	 1	
13	 0	12	12	
13	 0	 7	 7	
13	 0	 5	 5	
13	 0	14	13	
13	 0	 4	14	
13	 0	24	 3	

19	 0	33	19	
19	 0	32	33	
19	 0	31	32	
19	 0	30	31	
19	 0	 2	30	
19	 0	29	 2	
19	 0	 6	29	
19	 0	28	 7	
19	 0	 7	 7	

21	 0	 1	21	
21	 0	 0	 1	
21	 0	20	 0	
21	 0	 2	 2	

 7	 0	 1	 1	
 7	 0	 2	 7	
 7	 0	 6	 2	
 7	 0	26	 6	
 7	 0	10	26	
 7	 0	 3	25	
 7	 0	 4	27	
 7	 0	 8	10	
 7	 0	28	28	

31	 0	26	26	
31	 0	29	29	
31	 0	28	28	
31	 0	30	30	
31	 0	 0	 0	
31	 0	27	27	
31	 0	32	31	
31	 0	 1	32	

29	 0	34	33	
29	 0	33	34	
29	 0	32	32	
29	 0	28	28	
29	 0	31	31	
29	 0	30	29	
29	 0	23	27	
29	 0	25	30	
29	 0	22	22	
29	 0	16	16	

17	 0	 0	 0	
17	 0	 1	 1	
17	 0	10	17	
17	 0	18	10	
17	 0	 4	18	
17	 0	12	 4	
17	 0	 6	 5	
17	 0	16	12	

19	 0	 0	 0	
19	 0	 2	 2	
19	 0	20	19	
19	 0	18	20	
19	 0	 3	18	
19	 0	34	21	
19	 0	30	 3	
19	 0	26	33	
19	 0	21	21	

19	 0	 2	 2	
19	 0	 3	 3	
19	 0	 4	 4	
19	 0	 5	 5	
19	 0	 6	 6	
19	 0	22	19	
19	 0	 7	22	
19	 0	 1	 7	
19	 0	24	24	

19	 0	 1	 1	
19	 0	 0	19	
19	 0	12	 0	
19	 0	10	12	
19	 0	 8	 8	
19	 0	 2	10	
19	 0	18	11	
19	 0	 6	 9	
19	 0	25	25	
19	 0	 7	 7	

25	 0	 1	 1	
25	 0	 0	 0	
25	 0	30	25	

31	 0	 1	 1	
31	 0	 0	 0	
31	 0	30	25	
31	 0	34	27	
31	 0	28	28	
31	 0	32	29	
31	 0	24	30	
31	 0	12	31	

19	 0	21	19	
19	 0	22	21	
19	 0	31	22	
19	 0	32	31	
19	 0	20	32	
19	 0	33	20	
19	 0	23	33	
19	 0	18	23	
19	 0	 5	 5	

23	 0	 1	23	
23	 0	 0	 1	
23	 0	22	 0	
23	 0	20	22	
23	 0	24	20	
23	 0	16	19	
23	 0	18	24	
23	 0	17	21	
23	 0	 7	 7	

25	 0	 1	 1	
25	 0	 2	 2	
25	 0	24	24	
25	 0	30	25	
25	 0	34	27	
25	 0	28	28	
25	 0	32	29	
25	 0	 3	30	
25	 0	 0	 0	

33	 0	22	22	
33	 0	23	23	
33	 0	29	29	
33	 0	30	30	
33	 0	28	28	
33	 0	31	31	
33	 0	32	32	
33	 0	24	33	
33	 0	25	25	

 7	 0	 1	 7	
 7	 0	 2	 1	
 7	 0	 8	 9	
 7	 0	23	23	

 7	 0	 0	 7	
 7	 0	26	 0	
 7	 0	25	26	
 7	 0	 1	25	
 7	 0	22	 1	
 7	 0	 8	21	
 7	 0	24	 8	
 7	 0	20	22	
 7	 0	 2	 2	

 5	 0	11	11	
 5	 0	12	12	
 5	 0	10	10	
 5	 0	 2	 2	
 5	 0	 4	 3	
 5	 0	 9	 4	
 5	 0	 6	 5	
 5	 0	 1	 9	
 5	 0	18	18	
 5	 0	23	23	

17	 0	15	15	
17	 0	14	14	
17	 0	 0	 0	
17	 0	16	13	
17	 0	13	16	
17	 0	12	17	
17	 0	10	12	
17	 0	11	10	
17	 0	 1	 1	
17	 0	 6	 6	

11	 0	 7	 7	
11	 0	 8	11	
11	 0	 6	 8	
11	 0	12	 6	
11	 0	 5	12	
11	 0	 9	 5	
11	 0	 1	 9	
11	 0	 4	 1	

23	 0	30	23	
23	 0	34	24	
23	 0	24	25	
23	 0	28	27	
23	 0	32	28	
23	 0	29	29	
23	 0	31	30	
23	 0	33	31	
23	 0	19	19	
23	 0	 9	 9	

19	 0	30	30	
19	 0	 0	 0	
19	 0	29	29	
19	 0	31	31	
19	 0	32	32	
19	 0	34	33	
19	 0	10	34	
19	 0	 2	19	
19	 0	 7	 7	

21	 0	10	10	
21	 0	11	11	
21	 0	 9	 9	
21	 0	 6	 6	
21	 0	 8	 8	
21	 0	12	12	
21	 0	 7	21	
21	 0	22	 7	
21	 0	18	18	

 7	 0	34	 7	
 7	 0	33	34	
 7	 0	 0	33	
 7	 0	28	29	
 7	 0	 1	 0	
 7	 0	32	28	
 7	 0	30	 1	
 7	 0	26	32	
 7	 0	20	20	
 7	 0	19	19	

 7	 0	34	 7	
 7	 0	 0	 8	
 7	 0	33	34	
 7	 0	30	 0	
 7	 0	32	33	
 7	 0	 2	30	
 7	 0	28	32	
 7	 0	26	31	
 7	 0	16	16	

 9	 0	12	12	
 9	 0	13	13	
 9	 0	11	11	
 9	 0	14	14	
 9	 0	10	 9	
 9	 0	 0	10	
 9	 0	15	 0	
 9	 0	16	15	
 9	 0	30	30	

 7	 0	 1	 7	
 7	 0	26	 8	
 7	 0	 0	 1	
 7	 0	16	16	

 9	 0	 0	 0	
 9	 0	13	13	
 9	 0	12	12	
 9	 0	30	 9	
 9	 0	11	30	
 9	 0	32	11	
 9	 0	 1	32	
 9	 0	 8	31	
 9	 0	 3	 3	

25	 0	22	22	
25	 0	21	21	
25	 0	23	23	
25	 0	 0	 0	
25	 0	26	26	
25	 0	28	25	
25	 0	18	27	
25	 0	10	28	

 7	 0	18	 7	
 7	 0	20	18	
 7	 0	19	20	
 7	 0	 1	 1	
 7	 0	 0	 0	

 5	 0	 1	 1	
 5	 0	19	19	
 5	 0	20	20	
 5	 0	12	11	
 5	 0	 2	 5	
 5	 0	18	 3	
 5	 0	 6	12	
 5	 0	 4	 2	

19	 0	15	15	
19	 0	16	16	
19	 0	14	14	
19	 0	18	18	
19	 0	17	17	
19	 0	13	13	
19	 0	10	10	
19	 0	 0	19	
19	 0	 5	 5	

19	 0	16	16	
19	 0	15	19	
19	 0	10	15	
19	 0	18	10	
19	 0	17	18	
19	 0	14	17	
19	 0	20	14	
19	 0	 0	20	
19	 0	 5	 5	

21	 0	32	32	
21	 0	33	33	
21	 0	34	34	
21	 0	31	21	
21	 0	30	31	
21	 0	19	19	
21	 0	22	29	
21	 0	28	30	
21	 0	18	18	
21	 0	 1	 1	

11	 0	18	18	
11	 0	 2	11	
11	 0	12	 2	
11	 0	 3	 3	
11	 0	14	 9	
11	 0	 4	12	
11	 0	15	13	
11	 0	19	 4	
11	 0	 0	 0	
11	 0	21	21	

19	 0	 1	 1	
19	 0	 0	21	
19	 0	22	19	
19	 0	20	 0	
19	 0	12	22	
19	 0	14	20	
19	 0	16	13	
19	 0	34	17	
19	 0	 7	 7	

 9	 0	 0	 0	
 9	 0	18	18	
 9	 0	10	10	
 9	 0	 1	 1	
 9	 0	 8	 8	
 9	 0	 2	 2	
 9	 0	 4	 9	
 9	 0	17	 4	
 9	 0	 6	 6	
 9	 0	19	19	

17	 0	 1	17	
17	 0	 0	 1	
17	 0	16	 0	
17	 0	18	19	
17	 0	 2	16	
17	 0	 4	18	
17	 0	20	 2	
17	 0	 6	 4	
17	 0	21	21	

 8	 0	12	 8	
 8	 0	 0	 7	
 8	 0	13	12	
 8	 0	11	 0	
 8	 0	14	13	
 8	 0	 1	 9	
 8	 0	26	11	
 8	 0	20	14	

 9	 0	 2	 9	
 9	 0	 0	 2	
 9	 0	 8	 0	
 9	 0	 1	31	
 9	 0	30	 8	
 9	 0	32	 1	
 9	 0	 3	11	
 9	 0	 4	29	

 9	 0	12	12	
 9	 0	11	11	
 9	 0	 1	 9	
 9	 0	10	 1	
 9	 0	 0	10	
 9	 0	13	 0	
 9	 0	26	13	
 9	 0	 8	23	
 9	 0	23	23	

24	 0	13	13	
24	 0	18	18	
24	 0	14	14	
24	 0	15	15	
24	 0	19	19	
24	 0	26	23	
24	 0	30	26	
24	 0	34	24	
24	 0	 1	 1	

 3	 0	 1	 1	
 3	 0	 9	 9	
 3	 0	 8	 8	
 3	 0	 7	 3	
 3	 0	 2	 7	
 3	 0	 4	 2	
 3	 0	 6	 4	
 3	 0	26	 5	

 7	 0	 1	 7	
 7	 0	 0	 1	
 7	 0	26	 0	

33	 0	19	33	
33	 0	 0	19	
33	 0	18	 0	
33	 0	20	18	
33	 0	17	20	
33	 0	32	17	
33	 0	 1	32	
33	 0	10	28	
33	 0	28	28	

25	 0	30	25	
25	 0	34	27	
25	 0	28	28	
25	 0	32	29	
25	 0	29	30	
25	 0	31	31	
25	 0	33	32	
25	 0	24	33	
25	 0	13	13	
25	 0	17	17	

19	 0	16	19	
19	 0	 0	21	
19	 0	26	16	
19	 0	22	 0	
19	 0	 1	26	
19	 0	17	22	
19	 0	20	 1	
19	 0	18	23	

13	 0	11	11	
13	 0	 9	 9	
13	 0	 8	 8	
13	 0	10	10	
13	 0	 7	 7	
13	 0	12	12	
13	 0	 6	 6	
13	 0	 4	13	
13	 0	18	18	

23	 0	20	19	
23	 0	19	20	
23	 0	18	18	
23	 0	22	21	
23	 0	21	22	
23	 0	 0	 0	
23	 0	 6	 6	
23	 0	10	23	

23	 0	28	28	
23	 0	19	19	
23	 0	26	23	
23	 0	24	24	
23	 0	25	25	
23	 0	27	26	
23	 0	18	27	
23	 0	34	18	

13	 0	15	15	
13	 0	 0	 0	
13	 0	16	16	
13	 0	14	14	
13	 0	17	17	
13	 0	18	18	
13	 0	 1	13	
13	 0	20	 1	

11	 0	 1	 1	
11	 0	14	14	
11	 0	13	13	
11	 0	12	12	
11	 0	 0	 0	
11	 0	15	15	
11	 0	 7	11	
11	 0	 6	 7	

 7	 0	 0	 7	
 7	 0	12	 0	
 7	 0	14	12	
 7	 0	10	14	
 7	 0	 6	10	
 7	 0	26	 6	
 7	 0	11	11	
 7	 0	 8	26	
 7	 0	18	18	

29	 0	 1	 1	
29	 0	 0	 0	
29	 0	16	29	
29	 0	12	12	
29	 0	 7	 7	

 9	 0	13	13	
 9	 0	14	14	
 9	 0	15	15	
 9	 0	12	12	
 9	 0	 8	 8	
 9	 0	17	17	
 9	 0	10	 9	
 9	 0	11	10	
 9	 0	19	19	

29	 0	24	24	
29	 0	23	23	
29	 0	22	22	
29	 0	25	25	
29	 0	26	26	
29	 0	28	27	
29	 0	 0	29	
29	 0	21	28	
29	 0	 9	 9	
29	 0	31	31	

 3	 0	 5	 5	
 3	 0	 6	 6	
 3	 0	 0	 0	
 3	 0	 4	 4	
 3	 0	26	26	
 3	 0	 1	 1	
 3	 0	 7	 3	
 3	 0	24	 7	
 3	 0	31	31	
 3	 0	33	33	

27	 0	32	25	
27	 0	33	32	
27	 0	31	33	
27	 0	30	31	
27	 0	34	27	
27	 0	28	28	
27	 0	26	30	
27	 0	29	34	
27	 0	 0	 0	
27	 0	 1	 1	

21	 0	26	26	
21	 0	 0	 0	
21	 0	22	22	
21	 0	24	23	
21	 0	25	21	
21	 0	27	24	
21	 0	20	25	
21	 0	28	27	

31	 0	26	26	
31	 0	34	31	
31	 0	32	32	
31	 0	33	33	
31	 0	30	34	
31	 0	29	29	
31	 0	24	30	
31	 0	27	24	
31	 0	20	20	

15	 0	 1	 1	
15	 0	 4	 4	
15	 0	 0	15	
15	 0	 5	 0	
15	 0	10	 5	
15	 0	 3	10	
15	 0	 2	 3	
15	 0	14	 2	
15	 0	31	31	

17	 0	 0	17	
17	 0	 1	 0	
17	 0	26	 1	
17	 0	18	26	
17	 0	34	18	
17	 0	32	19	
17	 0	20	34	
17	 0	33	32	

 7	 0	 0	 0	
 7	 0	10	 7	
 7	 0	 8	10	
 7	 0	 6	 8	
 7	 0	34	 6	
 7	 0	 9	34	
 7	 0	 4	 9	
 7	 0	11	 5	

 5	 0	30	 5	
 5	 0	29	30	
 5	 0	31	29	
 5	 0	 0	 0	
 5	 0	 1	 1	

11	 0	 0	 0	
11	 0	 9	 9	
11	 0	 8	 8	
11	 0	10	10	
11	 0	12	11	
11	 0	 7	12	
11	 0	 1	 7	
11	 0	16	13	
11	 0	20	20	

13	 0	 0	 0	
13	 0	31	31	
13	 0	10	 7	
13	 0	12	 9	
13	 0	16	10	
13	 0	 9	11	
13	 0	11	12	
13	 0	 1	13	

16	 0	 1	 1	
16	 0	26	26	
16	 0	30	16	
16	 0	34	25	
16	 0	28	27	
16	 0	32	28	
16	 0	25	29	
16	 0	27	30	
16	 0	 0	 0	

19	 0	17	17	
19	 0	16	16	
19	 0	 0	 0	
19	 0	18	19	
19	 0	15	18	
19	 0	 1	15	
19	 0	22	 1	
19	 0	20	22	

11	 0	 1	 1	
11	 0	14	13	
11	 0	13	14	
11	 0	15	15	
11	 0	18	18	
11	 0	12	11	
11	 0	17	12	
11	 0	16	17	
11	 0	21	21	

 9	 0	 1	 1	
 9	 0	26	26	
 9	 0	 8	 9	
 9	 0	 0	 8	
 9	 0	10	 0	
 9	 0	28	11	
 9	 0	27	 7	
 9	 0	 6	10	

23	 0	16	16	
23	 0	15	15	
23	 0	17	23	
23	 0	 0	17	
23	 0	18	 0	
23	 0	22	18	
23	 0	24	22	
23	 0	28	24	

16	 0	 1	16	
16	 0	26	17	
16	 0	30	 1	
16	 0	34	26	
16	 0	24	24	
16	 0	28	25	
16	 0	32	27	
16	 0	25	28	
16	 0	 0	 0	

17	 0	 0	 0	
17	 0	26	26	
17	 0	 1	 1	
17	 0	30	23	
17	 0	28	29	
17	 0	34	17	
17	 0	25	30	
17	 0	27	15	
17	 0	16	16	

23	 0	16	16	
23	 0	17	23	
23	 0	 0	17	
23	 0	22	 0	
23	 0	24	22	
23	 0	25	24	
23	 0	27	25	
23	 0	 1	27	

16	 0	 1	16	
16	 0	 8	15	
16	 0	 0	 1	
16	 0	23	23	

 3	 0	 7	 7	
 3	 0	 8	 8	
 3	 0	 6	 6	
 3	 0	 5	 5	
 3	 0	 0	 0	
 3	 0	 4	 4	
 3	 0	 9	 3	
 3	 0	 2	 9	
 3	 0	17	17	
 3	 0	16	16	

13	 0	21	13	
13	 0	22	15	
13	 0	 1	17	
13	 0	14	21	
13	 0	16	22	
13	 0	20	 1	
13	 0	18	14	
13	 0	12	16	
13	 0	33	33	
13	 0	15	15	

11	 0	 8	11	
11	 0	 9	 8	
11	 0	 1	 9	
11	 0	 7	12	
11	 0	 0	 1	
11	 0	 6	 7	
11	 0	34	 0	
11	 0	32	 6	

23	 0	 1	 1	
23	 0	21	21	
23	 0	20	23	
23	 0	19	19	
23	 0	18	20	
23	 0	22	18	
23	 0	30	22	
23	 0	34	24	
23	 0	14	14	
23	 0	17	17	

15	 0	13	13	
15	 0	12	12	
15	 0	 1	 1	
15	 0	14	14	
15	 0	11	11	
15	 0	34	15	
15	 0	16	34	
15	 0	10	16	
15	 0	 6	 6	

23	 0	30	23	
23	 0	34	24	
23	 0	24	25	
23	 0	28	27	
23	 0	32	28	
23	 0	29	29	
23	 0	31	30	
23	 0	33	31	
23	 0	16	16	
23	 0	11	11	

 7	 0	16	16	
 7	 0	15	 5	
 7	 0	18	15	
 7	 0	 6	18	
 7	 0	 8	 7	
 7	 0	17	 6	
 7	 0	 1	 8	
 7	 0	14	17	
 7	 0	11	11	

19	 0	16	16	
19	 0	17	17	
19	 0	 0	 0	
19	 0	 1	 1	
19	 0	34	19	
19	 0	15	34	
19	 0	26	15	
19	 0	14	33	

17	 0	 7	 7	
17	 0	 6	 6	
17	 0	 8	 8	
17	 0	16	16	
17	 0	 9	 9	
17	 0	12	17	
17	 0	 5	12	
17	 0	 1	11	

11	 0	 1	 1	
11	 0	 2	 2	
11	 0	 6	 6	
11	 0	10	 9	
11	 0	16	10	
11	 0	14	15	
11	 0	 3	 7	
11	 0	 8	11	
11	 0	17	17	

17	 0	 0	 0	
17	 0	 1	 1	
17	 0	14	17	
17	 0	16	14	
17	 0	20	16	
17	 0	18	15	
17	 0	12	20	
17	 0	10	21	
17	 0	 6	 6	

29	 0	 1	 1	
29	 0	27	27	
29	 0	26	26	
29	 0	28	28	
29	 0	 2	 2	
29	 0	 0	 0	
29	 0	25	29	
29	 0	24	25	
29	 0	30	30	
29	 0	17	17	

 3	 0	 6	 6	
 3	 0	 5	 5	
 3	 0	 1	 1	
 3	 0	 2	 2	
 3	 0	17	17	
 3	 0	16	16	
 3	 0	 4	 3	
 3	 0	 7	 4	
 3	 0	 0	 0	

21	 0	 0	 0	
21	 0	 1	21	
21	 0	22	 1	
21	 0	 2	22	
21	 0	24	23	
21	 0	28	 2	
21	 0	 4	24	
21	 0	 6	28	

11	 0	15	15	
11	 0	16	16	
11	 0	14	14	
11	 0	13	13	
11	 0	12	12	
11	 0	17	11	
11	 0	 8	17	
11	 0	 6	 8	
11	 0	21	21	
11	 0	 0	 0	

21	 0	 0	 0	
21	 0	 1	 1	
21	 0	22	21	
21	 0	20	17	
21	 0	18	19	
21	 0	16	22	
21	 0	24	20	
21	 0	10	18	
21	 0	26	26	

23	 0	28	25	
23	 0	 0	28	
23	 0	27	 0	
23	 0	24	27	
23	 0	26	23	
23	 0	30	24	
23	 0	29	26	
23	 0	22	30	

 9	 0	 0	 0	
 9	 0	22	22	
 9	 0	24	24	
 9	 0	23	23	
 9	 0	 1	25	
 9	 0	 6	 1	
 9	 0	10	 6	
 9	 0	30	 9	
 9	 0	18	18	
 9	 0	21	21	

 0	 0	-858993460	-858993460	

 0	 0	-858993460	-858993460	

31	 0	21	21	
31	 0	 0	 0	
31	 0	20	20	
31	 0	22	22	
31	 0	30	30	
31	 0	 1	29	
31	 0	28	31	
31	 0	32	 1	
31	 0	23	23	

 5	 0	 1	 1	
 5	 0	 8	 8	
 5	 0	 7	 7	
 5	 0	 6	 5	
 5	 0	12	 6	
 5	 0	 4	11	
 5	 0	 9	12	
 5	 0	10	 4	
 5	 0	30	30	

 0	 0	-858993460	-858993460	

19	 0	21	21	
19	 0	23	19	
19	 0	17	23	
19	 0	24	17	
19	 0	25	24	
19	 0	16	25	
19	 0	28	27	
19	 0	22	16	
19	 0	 0	 0	

 0	 0	-858993460	-858993460	

31	 0	29	29	
31	 0	28	28	
31	 0	26	26	
31	 0	27	27	
31	 0	30	30	
31	 0	25	25	
31	 0	20	31	
31	 0	24	20	
31	 0	14	14	

15	 0	19	19	
15	 0	18	18	
15	 0	17	17	
15	 0	20	20	
15	 0	16	16	
15	 0	 1	15	
15	 0	14	 1	
15	 0	21	14	
15	 0	13	13	

 0	 0	-858993460	-858993460	

19	 0	21	21	
19	 0	23	15	
19	 0	22	23	
19	 0	 1	17	
19	 0	14	22	
19	 0	16	19	
19	 0	20	 1	
19	 0	24	14	
19	 0	 0	 0	

 0	 0	-858993460	-858993460	

 0	 0	-858993460	-858993460	

21	 0	 1	21	
21	 0	 0	 1	
21	 0	22	 0	
21	 0	10	22	
21	 0	 2	10	
21	 0	 4	 2	
21	 0	 8	 4	
21	 0	 6	23	

 7	 0	 3	 3	
 7	 0	 4	 4	
 7	 0	 2	 2	
 7	 0	 5	 5	
 7	 0	 6	 6	
 7	 0	18	 7	
 7	 0	 8	 9	
 7	 0	12	18	
 7	 0	22	22	

28	 0	12	28	
28	 0	13	27	
28	 0	14	24	
28	 0	11	12	
28	 0	 1	13	
28	 0	20	14	
28	 0	10	11	
28	 0	18	 1	
28	 0	32	32	

 0	 0	-858993460	-858993460	

21	 0	 0	21	
21	 0	 2	 0	
21	 0	24	25	
21	 0	22	 2	
21	 0	 3	23	
21	 0	31	24	
21	 0	10	 3	
21	 0	 1	22	
21	 0	18	18	
21	 0	 8	 8	

16	 0	 1	16	
16	 0	 0	17	
16	 0	30	15	
16	 0	 2	 1	
16	 0	32	29	
16	 0	34	 0	
16	 0	28	30	
16	 0	 4	 2	
16	 0	25	25	
16	 0	18	18	

33	 0	 3	 3	
33	 0	 2	 2	
33	 0	 0	 0	
33	 0	 1	 1	
33	 0	32	33	
33	 0	 4	32	
33	 0	34	 4	
33	 0	19	34	
33	 0	16	16	
33	 0	21	21	

 0	 0	-858993460	-858993460	

13	 0	 1	 1	
13	 0	 0	 0	
13	 0	10	10	
13	 0	 8	13	
13	 0	14	 8	
13	 0	26	14	
13	 0	 6	 9	
13	 0	34	 7	
13	 0	19	19	

 7	 0	 0	 0	
 7	 0	 1	 1	
 7	 0	10	10	
 7	 0	 8	 8	
 7	 0	 2	 9	
 7	 0	34	 2	
 7	 0	30	 7	
 7	 0	28	34	
 7	 0	11	11	

15	 0	 0	 0	
15	 0	18	18	
15	 0	 1	 1	
15	 0	17	17	
15	 0	19	19	
15	 0	20	20	
15	 0	16	16	
15	 0	14	15	
15	 0	11	11	
15	 0	 8	 8	

 0	 0	-858993460	-858993460	

 3	 0	 1	 1	
 3	 0	 0	 0	
 3	 0	 2	 2	
 3	 0	 4	 3	
 3	 0	16	 4	
 3	 0	 6	17	
 3	 0	18	31	
 3	 0	30	 5	

17	 0	 0	 0	
17	 0	 1	 1	
17	 0	16	16	
17	 0	14	23	
17	 0	 2	15	
17	 0	24	17	
17	 0	10	14	
17	 0	22	 2	

19	 0	10	10	
19	 0	 1	 1	
19	 0	 8	19	
19	 0	 9	 7	
19	 0	 4	 8	
19	 0	 6	 9	
19	 0	20	 4	
19	 0	16	 3	
19	 0	26	26	
19	 0	30	30	

 0	 0	-858993460	-858993460	

 0	 0	-858993460	-858993460	

21	 0	26	26	
21	 0	18	18	
21	 0	19	19	
21	 0	17	17	
21	 0	20	20	
21	 0	22	21	
21	 0	 1	22	
21	 0	16	 1	
21	 0	 8	 8	

21	 0	 1	 1	
21	 0	 0	 0	
21	 0	22	21	
21	 0	20	22	
21	 0	18	19	
21	 0	24	20	
21	 0	16	18	
21	 0	14	23	

25	 0	27	27	
25	 0	28	28	
25	 0	29	25	
25	 0	30	29	
25	 0	26	30	
25	 0	31	26	
25	 0	34	31	
25	 0	32	34	
25	 0	 1	 1	
25	 0	33	33	

 7	 0	 0	 0	
 7	 0	 1	 1	
 7	 0	16	16	
 7	 0	26	17	
 7	 0	18	15	
 7	 0	20	26	
 7	 0	 6	18	
 7	 0	 8	 7	
 7	 0	33	33	

 0	 0	-858993460	-858993460	

 0	 0	-858993460	-858993460	

11	 0	 0	 0	
11	 0	 6	 6	
11	 0	 5	 5	
11	 0	 7	 7	
11	 0	12	12	
11	 0	 1	 1	
11	 0	 4	11	
11	 0	 8	 4	

29	 0	20	20	
29	 0	21	29	
29	 0	 0	21	
29	 0	30	 0	
29	 0	28	30	
29	 0	19	28	
29	 0	 1	27	
29	 0	26	19	
29	 0	 3	 3	
29	 0	 6	 6	

33	 0	 1	33	
33	 0	23	 1	
33	 0	20	23	
33	 0	24	20	
33	 0	 0	24	
33	 0	22	 0	
33	 0	21	22	
33	 0	32	21	
33	 0	 6	 6	

23	 0	32	23	
23	 0	33	32	
23	 0	 0	33	
23	 0	 1	 0	
23	 0	26	 1	
23	 0	24	26	
23	 0	34	24	
23	 0	31	34	
23	 0	 2	 2	

 0	 0	-858993460	-858993460	

27	 0	 0	 0	
27	 0	 1	 1	
27	 0	26	26	
27	 0	34	34	
27	 0	28	28	
27	 0	24	27	
27	 0	18	24	
27	 0	20	25	
27	 0	 3	 3	

25	 0	32	25	
25	 0	30	32	
25	 0	31	30	
25	 0	 1	31	
25	 0	34	 1	
25	 0	29	29	
25	 0	33	33	
25	 0	28	34	

 0	 0	-858993460	-858993460	

 0	 0	-858993460	-858993460	

 3	 0	 1	 1	
 3	 0	 0	 0	
 3	 0	26	26	
 3	 0	 2	 2	
 3	 0	 4	 3	
 3	 0	 6	 4	
 3	 0	34	 6	
 3	 0	 5	34	
 3	 0	 7	 7	

21	 0	28	28	
21	 0	12	12	
21	 0	 1	21	
21	 0	30	 1	
21	 0	29	29	
21	 0	22	30	
21	 0	13	13	
21	 0	11	22	
21	 0	15	15	
21	 0	18	18	

 0	 0	-858993460	-858993460	

20	 0	 1	 1	
20	 0	28	21	
20	 0	 0	28	
20	 0	26	20	
20	 0	27	 0	
20	 0	34	26	
20	 0	30	27	
20	 0	32	34	
20	 0	18	18	

29	 0	32	32	
29	 0	34	33	
29	 0	33	34	
29	 0	 0	 0	
29	 0	30	30	
29	 0	31	29	
29	 0	28	31	
29	 0	 6	28	

 0	 0	-858993460	-858993460	

 7	 0	10	 7	
 7	 0	22	10	
 7	 0	 1	22	
 7	 0	 6	 1	
 7	 0	21	 6	
 7	 0	 4	21	
 7	 0	 8	 4	
 7	 0	 9	 5	
 7	 0	31	31	

 0	 0	-858993460	-858993460	

23	 0	26	23	
23	 0	 0	26	
23	 0	21	 0	
23	 0	24	21	
23	 0	25	24	
23	 0	 3	25	
23	 0	 8	 3	
23	 0	 1	 7	
23	 0	20	20	

13	 0	18	18	
13	 0	19	19	
13	 0	17	17	
13	 0	16	16	
13	 0	20	20	
13	 0	14	14	
13	 0	15	15	
13	 0	 0	13	

 0	 0	-858993460	-858993460	

 0	 0	-858993460	-858993460	

19	 0	21	19	
19	 0	 1	15	
19	 0	22	21	
19	 0	16	 1	
19	 0	20	16	
19	 0	18	20	
19	 0	14	22	
19	 0	23	17	
19	 0	 0	 0	

19	 0	22	19	
19	 0	 0	22	
19	 0	21	 0	
19	 0	20	21	
19	 0	 1	20	
19	 0	18	 1	
19	 0	23	18	
19	 0	28	23	

19	 0	 1	 1	
19	 0	 0	 0	
19	 0	16	19	
19	 0	22	22	

15	 0	 1	 1	
15	 0	22	22	
15	 0	 0	15	
15	 0	14	17	
15	 0	24	 0	
15	 0	16	14	
15	 0	30	24	
15	 0	26	31	

 5	 0	22	 3	
 5	 0	20	 5	
 5	 0	34	22	
 5	 0	 2	20	
 5	 0	 4	28	
 5	 0	23	33	
 5	 0	 1	34	
 5	 0	32	 2	
 5	 0	19	19	

 0	 0	-858993460	-858993460	

19	 0	26	19	
19	 0	28	26	
19	 0	24	28	
19	 0	 0	 0	

 3	 0	 6	 6	
 3	 0	 5	 5	
 3	 0	34	34	
 3	 0	 0	 3	
 3	 0	 2	 0	
 3	 0	33	 2	
 3	 0	32	33	
 3	 0	 4	32	
 3	 0	12	12	
 3	 0	18	18	

 0	 0	-858993460	-858993460	

 0	 0	-858993460	-858993460	

 5	 0	14	14	
 5	 0	 2	 5	
 5	 0	 6	 2	
 5	 0	 4	 4	
 5	 0	12	 6	
 5	 0	 8	 7	
 5	 0	 3	 9	
 5	 0	13	12	
 5	 0	19	19	

 9	 0	18	18	
 9	 0	 2	 2	
 9	 0	12	 7	
 9	 0	10	12	
 9	 0	 3	 3	
 9	 0	 4	 9	
 9	 0	19	10	
 9	 0	 6	11	
 9	 0	 1	 1	

19	 0	16	16	
19	 0	15	19	
19	 0	14	15	
19	 0	17	14	
19	 0	18	17	
19	 0	 1	18	
19	 0	20	 1	
19	 0	 6	20	

 0	 0	-858993460	-858993460	

 0	 0	-858993460	-858993460	

25	 0	 1	 1	
25	 0	33	33	
25	 0	32	25	
25	 0	30	32	
25	 0	34	30	
25	 0	31	31	
25	 0	24	34	
25	 0	26	24	
25	 0	18	18	

 0	 0	-858993460	-858993460	

11	 0	19	19	
11	 0	18	21	
11	 0	16	18	
11	 0	20	16	
11	 0	15	11	
11	 0	22	20	
11	 0	10	15	
11	 0	14	22	

13	 0	18	18	
13	 0	17	17	
13	 0	16	16	
13	 0	15	15	
13	 0	19	13	
13	 0	14	19	
13	 0	20	14	
13	 0	10	20	
13	 0	 0	 0	

 0	 0	-858993460	-858993460	

19	 0	 0	19	
19	 0	 1	 0	
19	 0	20	 1	
19	 0	 2	20	
19	 0	18	 5	
19	 0	 4	 2	
19	 0	26	18	
19	 0	 6	21	

 0	 0	-858993460	-858993460	

 0	 0	-858993460	-858993460	

 0	 0	-858993460	-858993460	

17	 0	 1	 1	
17	 0	 0	 0	
17	 0	18	17	
17	 0	32	18	
17	 0	34	32	
17	 0	 2	34	
17	 0	 4	33	
17	 0	 6	 2	
17	 0	19	19	

 0	 0	-858993460	-858993460	

21	 0	18	18	
21	 0	17	21	
21	 0	16	17	
21	 0	20	16	
21	 0	22	20	
21	 0	15	22	
21	 0	 1	15	
21	 0	19	 1	

17	 0	 1	17	
17	 0	 0	15	
17	 0	14	 1	
17	 0	26	 0	
17	 0	16	14	
17	 0	24	16	
17	 0	28	26	
17	 0	12	27	
17	 0	18	18	

 0	 0	-858993460	-858993460	

23	 0	 1	 1	
23	 0	15	23	
23	 0	16	15	
23	 0	14	16	
23	 0	24	25	
23	 0	22	14	
23	 0	30	24	
23	 0	34	22	
23	 0	18	18	
23	 0	 6	 6	

19	 0	 0	 0	
19	 0	 1	19	
19	 0	26	 1	
19	 0	20	26	
19	 0	30	20	
19	 0	34	23	
19	 0	24	24	
19	 0	28	25	
19	 0	 6	 6	

 7	 0	18	18	
 7	 0	20	 7	
 7	 0	19	19	
 7	 0	 6	20	
 7	 0	12	 6	
 7	 0	10	12	
 7	 0	26	 9	
 7	 0	17	10	

 0	 0	-858993460	-858993460	

19	 0	 0	 0	
19	 0	 1	 1	
19	 0	34	 5	
19	 0	 4	34	
19	 0	 2	 4	
19	 0	 6	 2	
19	 0	18	19	
19	 0	32	 3	

 0	 0	-858993460	-858993460	

 0	 0	-858993460	-858993460	

 0	 0	-858993460	-858993460	

21	 0	24	24	
21	 0	25	25	
21	 0	23	23	
21	 0	26	26	
21	 0	27	27	
21	 0	 0	 0	
21	 0	22	22	
21	 0	28	21	
21	 0	19	19	

 0	 0	-858993460	-858993460	

31	 0	34	34	
31	 0	28	25	
31	 0	32	28	
31	 0	27	31	
31	 0	33	27	
31	 0	30	32	
31	 0	24	33	
31	 0	26	30	
31	 0	 1	 1	
31	 0	15	15	

 0	 0	-858993460	-858993460	

23	 0	26	26	
23	 0	27	27	
23	 0	25	25	
23	 0	28	28	
23	 0	24	24	
23	 0	29	29	
23	 0	 0	 0	
23	 0	30	23	

23	 0	 0	 0	
23	 0	26	26	
23	 0	24	24	
23	 0	25	25	
23	 0	28	28	
23	 0	27	27	
23	 0	22	23	
23	 0	30	29	

 0	 0	-858993460	-858993460	

 0	 0	-858993460	-858993460	

29	 0	 0	 0	
29	 0	26	26	
29	 0	28	28	
29	 0	27	27	
29	 0	25	29	
29	 0	30	25	
29	 0	32	30	
29	 0	 1	31	

19	 0	10	10	
19	 0	 1	19	
19	 0	20	 1	
19	 0	18	20	
19	 0	22	21	
19	 0	16	18	
19	 0	 0	22	
19	 0	14	16	
19	 0	24	24	
19	 0	29	29	

 0	 0	-858993460	-858993460	

 7	 0	 1	 1	
 7	 0	 0	 0	
 7	 0	 2	 9	
 7	 0	10	11	
 7	 0	 8	 2	
 7	 0	 6	 3	
 7	 0	14	 7	
 7	 0	12	 8	
 7	 0	32	32	

 0	 0	-858993460	-858993460	

 5	 0	 0	 0	
 5	 0	 2	 2	
 5	 0	 1	 5	
 5	 0	 3	23	
 5	 0	 6	 1	
 5	 0	 4	 3	
 5	 0	26	 6	
 5	 0	24	 4	

17	 0	 1	 1	
17	 0	 0	 0	
17	 0	16	17	

 0	 0	-858993460	-858993460	

15	 0	10	10	
15	 0	 6	 6	
15	 0	14	14	
15	 0	 5	15	
15	 0	 7	 5	
15	 0	 4	 7	
15	 0	 0	 4	
15	 0	 8	 0	
15	 0	18	18	
15	 0	17	17	

 0	 0	-858993460	-858993460	

 0	 0	-858993460	-858993460	

13	 0	 0	 0	
13	 0	10	 4	
13	 0	14	 5	
13	 0	 4	 9	
13	 0	12	10	
13	 0	16	11	
13	 0	 9	12	
13	 0	11	13	
13	 0	 1	 1	

 0	 0	-858993460	-858993460	

 7	 0	 1	 1	
 7	 0	 0	 0	
 7	 0	 6	 6	
 7	 0	10	 7	
 7	 0	 2	10	
 7	 0	 4	 5	
 7	 0	 8	 2	
 7	 0	34	 4	

13	 0	16	16	
13	 0	15	15	
13	 0	10	10	
13	 0	17	17	
13	 0	14	13	
13	 0	12	14	
13	 0	18	12	
13	 0	 9	18	

23	 0	18	18	
23	 0	 1	 1	
23	 0	26	19	
23	 0	19	21	
23	 0	17	26	
23	 0	22	17	
23	 0	20	23	
23	 0	24	20	

 0	 0	-858993460	-858993460	

15	 0	 1	 1	
15	 0	26	26	
15	 0	14	17	
15	 0	16	15	
15	 0	20	19	
15	 0	 0	14	
15	 0	28	16	
15	 0	30	20	
15	 0	17	17	

 0	 0	-858993460	-858993460	

15	 0	12	11	
15	 0	11	12	
15	 0	 9	 9	
15	 0	 8	 8	
15	 0	14	14	
15	 0	 7	 7	
15	 0	 6	15	
15	 0	16	 6	
15	 0	17	17	

 7	 0	21	21	
 7	 0	19	19	
 7	 0	20	 7	
 7	 0	22	20	
 7	 0	23	22	
 7	 0	18	23	
 7	 0	 6	18	
 7	 0	 2	 6	
 7	 0	17	17	

 0	 0	-858993460	-858993460	

 0	 0	-858993460	-858993460	

21	 0	 1	 1	
21	 0	26	26	
21	 0	 0	21	
21	 0	22	 0	
21	 0	20	19	
21	 0	34	20	
21	 0	32	22	
21	 0	24	23	
21	 0	16	16	
21	 0	15	15	

16	 0	 0	 0	
16	 0	 1	 1	
16	 0	28	16	
16	 0	26	28	
16	 0	 8	15	
16	 0	22	27	
16	 0	 6	26	
16	 0	24	29	
16	 0	15	15	

15	 0	 1	 1	
15	 0	25	25	
15	 0	24	24	
15	 0	26	26	
15	 0	16	16	
15	 0	14	 3	
15	 0	23	15	
15	 0	18	17	

11	 0	 9	 9	
11	 0	 8	 8	
11	 0	 1	11	
11	 0	16	 1	
11	 0	26	16	
11	 0	18	17	
11	 0	14	26	
11	 0	12	18	
11	 0	17	17	

21	 0	 1	 1	
21	 0	18	21	
21	 0	26	18	
21	 0	 0	26	
21	 0	24	23	
21	 0	20	 0	
21	 0	22	24	
21	 0	30	25	
21	 0	15	15	

23	 0	18	18	
23	 0	 1	 1	
23	 0	17	17	
23	 0	19	23	
23	 0	22	19	
23	 0	16	22	
23	 0	15	16	
23	 0	24	15	

 5	 0	 1	 1	
 5	 0	20	20	
 5	 0	21	21	
 5	 0	19	19	
 5	 0	18	 5	
 5	 0	 4	18	
 5	 0	16	 4	
 5	 0	 8	16	

 0	 0	-858993460	-858993460	

 9	 0	17	17	
 9	 0	13	13	
 9	 0	12	 9	
 9	 0	14	12	
 9	 0	11	14	
 9	 0	 8	11	
 9	 0	10	 8	
 9	 0	 0	10	
 9	 0	16	16	

 0	 0	-858993460	-858993460	

17	 0	 2	17	
17	 0	 6	 2	
17	 0	 5	 6	
17	 0	 4	 5	
17	 0	 3	 4	
17	 0	 7	 3	
17	 0	 8	15	
17	 0	 1	 7	
17	 0	23	23	

17	 0	15	17	
17	 0	14	15	
17	 0	 4	14	
17	 0	 3	 3	
17	 0	 6	 4	
17	 0	 5	 6	
17	 0	16	 5	
17	 0	 2	16	
17	 0	23	23	

27	 0	18	18	
27	 0	21	21	
27	 0	20	20	
27	 0	17	17	
27	 0	19	19	
27	 0	22	27	
27	 0	 1	22	
27	 0	28	 1	

 0	 0	-858993460	-858993460	

17	 0	 1	17	
17	 0	 0	 1	
17	 0	16	15	
17	 0	12	 0	
17	 0	 8	16	
17	 0	 6	12	
17	 0	10	 7	
17	 0	 4	 9	
17	 0	15	15	

17	 0	19	19	
17	 0	28	28	
17	 0	20	20	
17	 0	29	29	
17	 0	18	18	
17	 0	26	17	
17	 0	30	26	
17	 0	27	30	
17	 0	16	16	

 7	 0	12	12	
 7	 0	13	13	
 7	 0	14	 7	
 7	 0	 8	 8	
 7	 0	11	14	
 7	 0	10	11	
 7	 0	 9	10	
 7	 0	 6	 9	
 7	 0	22	22	

19	 0	 1	 1	
19	 0	27	19	
19	 0	28	25	
19	 0	30	27	
19	 0	24	28	
19	 0	29	17	
19	 0	18	24	
19	 0	22	29	
19	 0	 0	 0	

13	 0	30	30	
13	 0	31	31	
13	 0	32	32	
13	 0	 0	 0	
13	 0	14	14	
13	 0	 1	 1	
13	 0	22	15	
13	 0	10	13	
13	 0	23	23	

 7	 0	 0	 0	
 7	 0	 1	 1	
 7	 0	17	17	
 7	 0	16	16	
 7	 0	14	14	
 7	 0	15	15	
 7	 0	 8	 7	
 7	 0	12	 8	

15	 0	13	13	
15	 0	 2	15	
15	 0	12	 2	
15	 0	 3	 3	
15	 0	 4	12	
15	 0	11	 4	
15	 0	17	 9	
15	 0	 8	11	
15	 0	22	22	

 0	 0	-858993460	-858993460	

 0	 0	-858993460	-858993460	

25	 0	21	21	
25	 0	22	22	
25	 0	20	20	
25	 0	23	23	
25	 0	24	24	
25	 0	 0	 0	
25	 0	19	25	
25	 0	26	19	
25	 0	 5	 5	
25	 0	 6	 6	

21	 0	 1	21	
21	 0	 0	 1	
21	 0	34	 0	
21	 0	20	34	
21	 0	28	20	
21	 0	22	33	
21	 0	32	28	
21	 0	24	22	
21	 0	23	23	

 0	 0	-858993460	-858993460	

27	 0	21	21	
27	 0	20	20	
27	 0	19	19	
27	 0	22	22	
27	 0	26	25	
27	 0	18	26	
27	 0	24	18	
27	 0	14	27	
27	 0	 6	 6	
27	 0	11	11	

31	 0	 0	 0	
31	 0	 1	 1	
31	 0	30	30	
31	 0	28	29	
31	 0	34	28	
31	 0	32	31	
31	 0	26	32	
31	 0	 8	33	

13	 0	 1	 1	
13	 0	10	10	
13	 0	14	13	
13	 0	 5	 5	

 0	 0	-858993460	-858993460	

 7	 0	10	 7	
 7	 0	 1	10	
 7	 0	 0	 1	
 7	 0	22	 0	
 7	 0	 9	 5	
 7	 0	11	22	
 7	 0	 6	 9	
 7	 0	26	11	

28	 0	23	23	
28	 0	20	20	
28	 0	22	22	
28	 0	21	21	
28	 0	18	18	
28	 0	24	24	
28	 0	19	28	
28	 0	10	19	

17	 0	20	20	
17	 0	22	22	
17	 0	19	19	
17	 0	 0	 0	
17	 0	30	21	
17	 0	21	30	
17	 0	18	17	
17	 0	23	18	
17	 0	12	12	

19	 0	 0	 0	
19	 0	27	27	
19	 0	28	28	
19	 0	 1	19	
19	 0	20	 1	
19	 0	26	20	
19	 0	10	26	
19	 0	29	25	
19	 0	23	23	

 3	 0	30	30	
 3	 0	31	31	
 3	 0	 2	 2	
 3	 0	 6	 4	
 3	 0	 4	 5	
 3	 0	 5	 6	
 3	 0	10	 3	
 3	 0	 8	 7	
 3	 0	19	19	
 3	 0	20	20	

 5	 0	18	18	
 5	 0	 2	 2	
 5	 0	 4	 3	
 5	 0	 3	 4	
 5	 0	 6	 7	
 5	 0	 8	 5	
 5	 0	10	 6	
 5	 0	19	 8	
 5	 0	23	23	
 5	 0	22	22	

 0	 0	-858993460	-858993460	

25	 0	 1	 1	
25	 0	 0	 0	
25	 0	26	26	
25	 0	28	25	
25	 0	10	27	
25	 0	 6	28	
25	 0	24	10	
25	 0	 2	 6	

 0	 0	-858993460	-858993460	

 0	 0	-858993460	-858993460	

 7	 0	 2	 2	
 7	 0	 3	 3	
 7	 0	 1	 1	
 7	 0	 4	 4	
 7	 0	 6	 5	
 7	 0	 0	12	
 7	 0	24	 7	
 7	 0	22	13	
 7	 0	19	19	

 0	 0	-858993460	-858993460	

 0	 0	-858993460	-858993460	

17	 0	28	17	
17	 0	27	28	
17	 0	 1	27	
17	 0	29	 1	
17	 0	24	29	
17	 0	26	25	
17	 0	 0	24	
17	 0	30	26	
17	 0	23	23	
17	 0	20	20	

29	 0	22	22	
29	 0	21	29	
29	 0	20	21	
29	 0	19	31	
29	 0	28	20	
29	 0	23	19	
29	 0	 0	28	
29	 0	30	23	

 0	 0	-858993460	-858993460	

23	 0	 0	23	
23	 0	 1	 0	
23	 0	18	 1	
23	 0	32	18	
23	 0	24	32	
23	 0	22	31	
23	 0	34	33	
23	 0	30	24	
23	 0	19	19	
23	 0	31	31	

27	 0	 1	 1	
27	 0	24	24	
27	 0	23	19	
27	 0	20	23	
27	 0	18	20	
27	 0	25	18	
27	 0	22	27	
27	 0	28	25	
27	 0	26	26	
27	 0	11	11	

23	 0	28	28	
23	 0	29	29	
23	 0	20	17	
23	 0	30	23	
23	 0	26	20	
23	 0	24	30	
23	 0	27	26	
23	 0	 1	24	
23	 0	11	11	

27	 0	30	30	
27	 0	 0	 0	
27	 0	 1	 1	
27	 0	29	29	
27	 0	26	26	
27	 0	28	27	
27	 0	 2	28	
27	 0	10	 2	
27	 0	20	20	
27	 0	16	16	

17	 0	 0	 0	
17	 0	12	12	
17	 0	 1	 1	
17	 0	11	11	
17	 0	 8	 8	
17	 0	16	17	
17	 0	14	 7	
17	 0	13	 9	
17	 0	32	32	
17	 0	33	33	

 7	 0	 0	 0	
 7	 0	 2	 2	
 7	 0	 3	 3	
 7	 0	 1	 1	
 7	 0	34	34	
 7	 0	 4	 4	
 7	 0	10	10	
 7	 0	 8	 7	
 7	 0	30	30	

 0	 0	-858993460	-858993460	

 0	 0	-858993460	-858993460	

23	 0	33	33	
23	 0	32	32	
23	 0	 1	 1	
23	 0	31	31	
23	 0	34	34	
23	 0	20	20	
23	 0	18	21	
23	 0	 0	23	
23	 0	21	21	

29	 0	 1	 1	
29	 0	 0	 0	
29	 0	24	29	
29	 0	28	24	
29	 0	20	28	
29	 0	 2	20	
29	 0	26	25	
29	 0	18	 2	
29	 0	19	19	
29	 0	31	31	

29	 0	 1	 1	
29	 0	34	34	
29	 0	 2	 2	
29	 0	 0	 3	
29	 0	28	 0	
29	 0	 4	21	
29	 0	10	29	
29	 0	30	27	
29	 0	13	13	
29	 0	22	22	

 9	 0	 1	 1	
 9	 0	 0	 0	
 9	 0	 2	13	
 9	 0	12	 2	
 9	 0	10	12	
 9	 0	16	27	
 9	 0	14	10	
 9	 0	26	 9	
 9	 0	23	23	

15	 0	 1	 1	
15	 0	30	30	
15	 0	29	29	
15	 0	28	28	
15	 0	31	15	
15	 0	32	31	
15	 0	16	32	
15	 0	 0	33	
15	 0	 2	 2	
15	 0	 5	 5	

27	 0	24	24	
27	 0	25	25	
27	 0	23	23	
27	 0	 1	 1	
27	 0	26	26	
27	 0	22	27	
27	 0	 0	22	
27	 0	 8	 0	
27	 0	10	10	

 0	 0	-858993460	-858993460	

29	 0	31	31	
29	 0	22	22	
29	 0	32	32	
29	 0	20	20	
29	 0	33	29	
29	 0	21	33	
29	 0	23	21	
29	 0	30	23	
29	 0	 1	 1	

 3	 0	19	19	
 3	 0	18	 3	
 3	 0	16	16	
 3	 0	17	18	
 3	 0	15	13	
 3	 0	12	17	
 3	 0	10	15	
 3	 0	20	11	
 3	 0	25	25	
 3	 0	22	22	

 7	 0	10	10	
 7	 0	12	 7	
 7	 0	 8	12	
 7	 0	 9	 8	
 7	 0	 4	 9	
 7	 0	11	 4	
 7	 0	 1	11	
 7	 0	13	 1	
 7	 0	14	14	
 7	 0	20	20	

 0	 0	-858993460	-858993460	

23	 0	21	21	
23	 0	20	20	
23	 0	28	28	
23	 0	27	27	
23	 0	 1	 1	
23	 0	22	23	
23	 0	29	22	
23	 0	30	31	
23	 0	25	25	

19	 0	 1	 1	
19	 0	 0	 0	
19	 0	20	19	
19	 0	21	20	
19	 0	22	21	
19	 0	14	22	
19	 0	16	 3	
19	 0	24	17	
19	 0	25	25	

27	 0	10	10	
27	 0	 1	 1	
27	 0	11	11	
27	 0	12	25	
27	 0	 8	12	
27	 0	 9	27	
27	 0	 0	 8	
27	 0	28	 9	
27	 0	 2	 2	
27	 0	23	23	

 0	 0	-858993460	-858993460	

21	 0	 1	 1	
21	 0	 0	21	
21	 0	20	 0	
21	 0	24	20	
21	 0	10	17	
21	 0	22	24	
21	 0	12	31	
21	 0	28	25	
21	 0	19	19	
21	 0	 7	 7	

13	 0	 6	13	
13	 0	22	 6	
13	 0	12	12	
13	 0	 7	22	
13	 0	 8	 7	
13	 0	 5	 8	
13	 0	21	 5	
13	 0	23	 9	
13	 0	 0	 0	
13	 0	20	20	

19	 0	15	15	
19	 0	14	14	
19	 0	16	16	
19	 0	 0	19	
19	 0	18	 0	
19	 0	12	 7	
19	 0	 8	11	
19	 0	13	12	
19	 0	21	21	
19	 0	20	20	

 0	 0	-858993460	-858993460	

 0	 0	-858993460	-858993460	

25	 0	28	25	
25	 0	29	28	
25	 0	 0	29	
25	 0	27	 0	
25	 0	26	27	
25	 0	30	26	
25	 0	24	30	
25	 0	21	24	
25	 0	20	20	

33	 0	20	20	
33	 0	19	19	
33	 0	21	21	
33	 0	 1	33	
33	 0	34	17	
33	 0	32	 1	
33	 0	18	32	
33	 0	16	34	

 0	 0	-858993460	-858993460	

19	 0	26	19	
19	 0	 1	26	
19	 0	30	 1	
19	 0	34	23	
19	 0	24	30	
19	 0	32	31	
19	 0	22	24	
19	 0	25	32	
19	 0	 0	 0	

17	 0	20	20	
17	 0	 0	17	
17	 0	18	 0	
17	 0	21	18	
17	 0	22	21	
17	 0	16	16	
17	 0	19	19	
17	 0	26	22	
17	 0	 1	 1	

17	 0	21	21	
17	 0	 1	 1	
17	 0	19	19	
17	 0	22	22	
17	 0	23	17	
17	 0	20	23	
17	 0	 2	20	
17	 0	15	 2	

27	 0	22	22	
27	 0	23	23	
27	 0	21	21	
27	 0	24	24	
27	 0	25	25	
27	 0	26	26	
27	 0	20	20	
27	 0	28	27	
27	 0	 0	 0	
27	 0	17	17	

23	 0	19	19	
23	 0	20	20	
23	 0	21	21	
23	 0	18	13	
23	 0	22	18	
23	 0	12	22	
23	 0	16	12	
23	 0	14	23	

 0	 0	-858993460	-858993460	

11	 0	34	34	
11	 0	19	19	
11	 0	24	24	
11	 0	25	25	
11	 0	23	23	
11	 0	 1	 1	
11	 0	18	27	
11	 0	26	11	
11	 0	 0	 0	

 0	 0	-858993460	-858993460	

 5	 0	 2	 2	
 5	 0	 0	 0	
 5	 0	 3	 3	
 5	 0	 4	 4	
 5	 0	 1	 5	
 5	 0	 6	 1	
 5	 0	30	 6	
 5	 0	28	 7	
 5	 0	 7	 7	

 0	 0	-858993460	-858993460	

 0	 0	-858993460	-858993460	

20	 0	 1	20	
20	 0	26	19	
20	 0	28	 1	
20	 0	 0	26	
20	 0	30	29	
20	 0	27	28	
20	 0	 6	 0	
20	 0	34	21	

 0	 0	-858993460	-858993460	

19	 0	 1	 1	
19	 0	 0	19	
19	 0	20	 0	

19	 0	 1	19	
19	 0	 0	 1	
19	 0	20	 0	
19	 0	22	20	
19	 0	32	21	
19	 0	24	22	
19	 0	26	23	
19	 0	34	33	

 0	 0	-858993460	-858993460	

21	 0	19	19	
21	 0	14	14	
21	 0	15	15	
21	 0	16	16	
21	 0	17	17	
21	 0	13	13	
21	 0	18	18	
21	 0	22	21	
21	 0	20	20	

19	 0	 0	 0	
19	 0	10	10	
19	 0	16	17	
19	 0	18	19	
19	 0	14	15	
19	 0	20	16	
19	 0	 6	18	
19	 0	 1	14	

21	 0	 8	21	
21	 0	 7	 7	
21	 0	 1	 8	
21	 0	22	 1	
21	 0	 6	 5	
21	 0	 9	22	
21	 0	25	 6	
21	 0	20	 9	

 0	 0	-858993460	-858993460	

15	 0	 7	 7	
15	 0	10	10	
15	 0	 8	 8	
15	 0	 6	 6	
15	 0	 9	 9	
15	 0	11	11	
15	 0	14	15	
15	 0	16	14	
15	 0	26	26	

 0	 0	-858993460	-858993460	

 0	 0	-858993460	-858993460	

 3	 0	 9	 9	
 3	 0	 8	 8	
 3	 0	 6	 6	
 3	 0	 4	 3	
 3	 0	 7	 4	
 3	 0	 2	 7	
 3	 0	 5	 2	
 3	 0	 1	 5	
 3	 0	19	19	

19	 0	33	19	
19	 0	31	33	
19	 0	30	31	
19	 0	32	21	
19	 0	34	30	
19	 0	20	32	
19	 0	29	34	
19	 0	22	20	
19	 0	 6	 6	

27	 0	19	19	
27	 0	 1	 1	
27	 0	18	18	
27	 0	26	26	
27	 0	20	20	
27	 0	17	17	
27	 0	28	25	
27	 0	30	27	
27	 0	 6	 6	

29	 0	18	18	
29	 0	19	19	
29	 0	20	20	
29	 0	17	17	
29	 0	34	29	
29	 0	24	24	
29	 0	32	27	
29	 0	30	32	

27	 0	22	27	
27	 0	24	22	
27	 0	28	23	
27	 0	23	24	
27	 0	25	25	
27	 0	30	28	
27	 0	19	29	
27	 0	21	30	
27	 0	10	10	

17	 0	11	11	
17	 0	12	12	
17	 0	26	16	
17	 0	16	26	
17	 0	13	13	
17	 0	14	14	
17	 0	 1	17	
17	 0	28	 1	
17	 0	18	18	
17	 0	19	19	

21	 0	 1	 1	
21	 0	 0	 0	
21	 0	24	23	
21	 0	22	24	
21	 0	 2	21	
21	 0	 8	 9	
21	 0	26	22	
21	 0	10	25	
21	 0	19	19	

 0	 0	-858993460	-858993460	

23	 0	18	18	
23	 0	20	20	
23	 0	26	26	
23	 0	19	19	
23	 0	 1	 1	
23	 0	24	23	
23	 0	21	24	
23	 0	22	21	

19	 0	 1	 1	
19	 0	21	21	
19	 0	22	22	
19	 0	20	19	
19	 0	18	20	
19	 0	23	18	
19	 0	16	23	
19	 0	 0	16	

25	 0	18	18	
25	 0	 1	 1	
25	 0	24	24	
25	 0	19	25	
25	 0	 0	23	
25	 0	28	19	
25	 0	26	27	
25	 0	17	 0	

 0	 0	-858993460	-858993460	

23	 0	 0	23	
23	 0	26	 0	
23	 0	25	26	
23	 0	24	25	
23	 0	22	24	
23	 0	20	22	
23	 0	27	20	
23	 0	16	27	
23	 0	19	19	

11	 0	 1	 1	
11	 0	 6	11	
11	 0	 5	 6	
11	 0	 9	 5	
11	 0	12	 9	
11	 0	 7	12	
11	 0	 2	 7	
11	 0	 8	 2	

 0	 0	-858993460	-858993460	

15	 0	 1	 1	
15	 0	 0	15	
15	 0	14	 0	
15	 0	16	14	
15	 0	17	16	
15	 0	12	17	
15	 0	30	13	
15	 0	18	12	
15	 0	20	20	
15	 0	21	21	

 0	 0	-858993460	-858993460	

 0	 0	-858993460	-858993460	

 5	 0	 1	 1	
 5	 0	 0	 0	
 5	 0	18	18	
 5	 0	10	10	
 5	 0	19	19	
 5	 0	20	20	
 5	 0	17	17	
 5	 0	12	 5	

19	 0	 1	 1	
19	 0	 2	 2	
19	 0	12	19	
19	 0	18	18	

27	 0	23	23	
27	 0	24	24	
27	 0	25	25	
27	 0	22	22	
27	 0	 1	 1	
27	 0	 6	 6	
27	 0	26	26	
27	 0	21	27	

 0	 0	-858993460	-858993460	

11	 0	 9	11	
11	 0	 8	 9	
11	 0	 1	 8	
11	 0	26	 1	
11	 0	 0	26	
11	 0	 7	 0	
11	 0	32	 7	
11	 0	 6	12	

 0	 0	-858993460	-858993460	

19	 0	33	33	
19	 0	34	31	
19	 0	32	32	
19	 0	31	34	
19	 0	30	19	
19	 0	28	30	
19	 0	 0	28	
19	 0	 1	 0	
19	 0	 6	 6	

27	 0	 0	 0	
27	 0	30	27	
27	 0	32	30	
27	 0	26	32	
27	 0	28	17	
27	 0	31	26	
27	 0	18	33	
27	 0	29	28	
27	 0	12	12	
27	 0	19	19	

19	 0	 1	 1	
19	 0	24	19	
19	 0	25	24	
19	 0	23	25	
19	 0	22	27	
19	 0	28	23	
19	 0	30	22	
19	 0	14	21	
19	 0	 0	 0	

23	 0	19	19	
23	 0	18	18	
23	 0	 1	 1	
23	 0	20	20	
23	 0	24	23	
23	 0	34	27	
23	 0	26	24	
23	 0	 0	25	

 0	 0	-858993460	-858993460	

 5	 0	33	33	
 5	 0	34	34	
 5	 0	31	31	
 5	 0	32	 5	
 5	 0	30	32	
 5	 0	 0	11	
 5	 0	10	30	
 5	 0	12	 9	
 5	 0	19	19	

17	 0	 0	15	
17	 0	 1	17	
17	 0	16	 0	
17	 0	14	 1	
17	 0	18	16	
17	 0	 8	19	
17	 0	10	14	
17	 0	 6	18	
17	 0	19	19	

17	 0	21	21	
17	 0	19	19	
17	 0	22	22	
17	 0	20	20	
17	 0	18	18	
17	 0	 1	17	
17	 0	16	 1	
17	 0	23	15	
17	 0	 0	 0	

29	 0	 0	 0	
29	 0	 1	 1	
29	 0	28	27	
29	 0	30	29	
29	 0	 2	25	
29	 0	32	28	
29	 0	26	30	
29	 0	 4	 2	
29	 0	19	19	

29	 0	 0	 0	
29	 0	 1	 1	
29	 0	28	27	
29	 0	30	25	
29	 0	24	28	
29	 0	32	29	
29	 0	22	24	
29	 0	34	30	
29	 0	19	19	

 0	 0	-858993460	-858993460	

 0	 0	-858993460	-858993460	

 0	 0	-858993460	-858993460	

13	 0	10	10	
13	 0	15	15	
13	 0	16	16	
13	 0	14	14	
13	 0	12	13	
13	 0	11	12	
13	 0	17	11	
13	 0	 9	17	
13	 0	25	25	

19	 0	10	10	
19	 0	11	11	
19	 0	12	12	
19	 0	 9	 9	
19	 0	13	13	
19	 0	14	14	
19	 0	 1	 1	
19	 0	16	19	
19	 0	 8	 8	
19	 0	 0	 0	

33	 0	 8	 8	
33	 0	 7	 7	
33	 0	 9	 9	
33	 0	 6	 6	
33	 0	10	10	
33	 0	34	33	
33	 0	 5	34	
33	 0	32	 5	

 0	 0	-858993460	-858993460	

 9	 0	 4	 4	
 9	 0	 3	 3	
 9	 0	 5	 5	
 9	 0	 2	 2	
 9	 0	 6	 6	
 9	 0	 8	 8	
 9	 0	10	 7	
 9	 0	12	 9	
 9	 0	18	18	
 9	 0	14	14	

 5	 0	19	19	
 5	 0	20	20	
 5	 0	10	10	
 5	 0	16	16	
 5	 0	 1	17	
 5	 0	21	 1	
 5	 0	 6	21	
 5	 0	 4	 5	

 0	 0	-858993460	-858993460	

 0	 0	-858993460	-858993460	

 0	 0	-858993460	-858993460	

 5	 0	18	18	
 5	 0	 1	 1	
 5	 0	19	19	
 5	 0	 2	 3	
 5	 0	 4	 2	
 5	 0	 0	 4	
 5	 0	 6	 0	
 5	 0	34	 5	

17	 0	 0	 0	
17	 0	29	29	
17	 0	30	17	
17	 0	34	30	
17	 0	32	33	
17	 0	31	34	
17	 0	 2	32	
17	 0	28	31	
17	 0	18	18	
17	 0	19	19	

 0	 0	-858993460	-858993460	

15	 0	 6	 6	
15	 0	 7	 7	
15	 0	 2	15	
15	 0	 4	 2	
15	 0	 8	 3	
15	 0	16	 4	
15	 0	 3	 5	
15	 0	 5	 8	
15	 0	 0	 0	

23	 0	29	23	
23	 0	34	29	
23	 0	30	34	
23	 0	24	24	
23	 0	32	30	
23	 0	28	27	
23	 0	33	32	
23	 0	31	25	
23	 0	 0	 0	

17	 0	12	12	
17	 0	11	 9	
17	 0	13	11	
17	 0	14	13	
17	 0	10	14	
17	 0	 8	10	
17	 0	15	17	
17	 0	 4	 8	
17	 0	32	32	

 0	 0	-858993460	-858993460	

 7	 0	20	20	
 7	 0	19	19	
 7	 0	 1	 1	
 7	 0	32	33	
 7	 0	 0	32	
 7	 0	34	 0	
 7	 0	21	34	
 7	 0	 8	 7	
 7	 0	17	17	
 7	 0	18	18	

 0	 0	-858993460	-858993460	

19	 0	15	15	
19	 0	14	14	
19	 0	16	16	
19	 0	18	18	
19	 0	13	13	
19	 0	17	17	
19	 0	 1	 1	
19	 0	 2	19	

 0	 0	-858993460	-858993460	

 0	 0	-858993460	-858993460	

 0	 0	-858993460	-858993460	

 0	 0	-858993460	-858993460	

17	 0	 1	17	
17	 0	 7	 1	
17	 0	 8	 7	
17	 0	 9	 8	
17	 0	16	 9	
17	 0	 6	11	
17	 0	10	16	
17	 0	12	 6	

 0	 0	-858993460	-858993460	

 0	 0	-858993460	-858993460	

 0	 0	-858993460	-858993460	

 0	 0	-858993460	-858993460	

 0	 0	-858993460	-858993460	

13	 0	16	13	
13	 0	 1	16	
13	 0	18	 1	
13	 0	10	 9	
13	 0	17	18	
13	 0	14	10	
13	 0	12	17	
13	 0	 0	12	

 0	 0	-858993460	-858993460	

23	 0	18	18	
23	 0	17	17	
23	 0	19	19	
23	 0	16	16	
23	 0	22	23	
23	 0	 1	22	
23	 0	34	 1	
23	 0	30	21	

17	 0	 2	17	
17	 0	 1	 2	
17	 0	18	 1	
17	 0	 3	 3	
17	 0	 4	18	
17	 0	 6	 5	
17	 0	 8	 4	
17	 0	16	 7	

19	 0	 1	19	
19	 0	22	 1	
19	 0	21	22	
19	 0	23	17	
19	 0	20	21	
19	 0	18	23	
19	 0	 8	20	
19	 0	14	18	
19	 0	17	17	

21	 0	31	31	
21	 0	33	33	
21	 0	34	21	
21	 0	32	32	
21	 0	30	34	
21	 0	28	25	
21	 0	22	27	
21	 0	26	29	
21	 0	 1	 1	
21	 0	17	17	

23	 0	19	21	
23	 0	16	19	
23	 0	18	16	
23	 0	17	18	
23	 0	22	17	
23	 0	20	22	
23	 0	 1	20	
23	 0	24	23	

17	 0	14	14	
17	 0	13	13	
17	 0	15	15	
17	 0	12	17	
17	 0	16	12	
17	 0	11	16	
17	 0	 2	11	
17	 0	 1	 2	
17	 0	 0	 0	
17	 0	19	19	

17	 0	 1	17	
17	 0	13	 1	
17	 0	19	13	
17	 0	15	19	
17	 0	14	15	
17	 0	21	14	
17	 0	18	21	
17	 0	12	12	
17	 0	23	23	

33	 0	28	28	
33	 0	30	30	
33	 0	25	25	
33	 0	29	29	
33	 0	27	27	
33	 0	31	31	
33	 0	32	33	
33	 0	26	32	
33	 0	 7	 7	

 0	 0	-858993460	-858993460	

 0	 0	-858993460	-858993460	

 0	 0	-858993460	-858993460	

 0	 0	-858993460	-858993460	

 9	 0	14	 9	
 9	 0	11	11	
 9	 0	12	14	
 9	 0	 8	12	
 9	 0	13	 8	
 9	 0	15	13	
 9	 0	 1	 7	
 9	 0	 6	15	
 9	 0	16	16	
 9	 0	 0	 0	

 0	 0	-858993460	-858993460	

 0	 0	-858993460	-858993460	

 0	 0	-858993460	-858993460	

 9	 0	 0	 0	
 9	 0	12	12	
 9	 0	11	11	
 9	 0	13	13	
 9	 0	 1	 1	
 9	 0	 8	 8	
 9	 0	10	 9	
 9	 0	 6	10	
 9	 0	17	17	
 9	 0	15	15	

 0	 0	-858993460	-858993460	

25	 0	 1	 1	
25	 0	27	15	
25	 0	28	25	
25	 0	 0	27	
25	 0	24	28	
25	 0	26	 0	
25	 0	18	24	
25	 0	16	26	
25	 0	20	20	
25	 0	22	22	

 0	 0	-858993460	-858993460	

 0	 0	-858993460	-858993460	

 9	 0	 5	 5	
 9	 0	 4	 4	
 9	 0	 2	 2	
 9	 0	10	 9	
 9	 0	11	10	
 9	 0	 3	11	
 9	 0	 6	 3	
 9	 0	 7	 6	
 9	 0	 0	 0	

 7	 0	 1	 1	
 7	 0	10	10	
 7	 0	 6	 6	
 7	 0	 2	 7	
 7	 0	14	13	
 7	 0	 4	 2	
 7	 0	 8	14	
 7	 0	22	 5	
 7	 0	 0	 0	

 0	 0	-858993460	-858993460	

 0	 0	-858993460	-858993460	

29	 0	 1	29	
29	 0	 0	 1	
29	 0	 2	 0	
29	 0	24	 2	
29	 0	28	24	
29	 0	 4	25	
29	 0	10	28	
29	 0	22	23	
29	 0	21	21	

11	 0	34	34	
11	 0	 0	 0	
11	 0	33	33	
11	 0	 1	 1	
11	 0	 2	15	
11	 0	 6	11	
11	 0	 4	 2	
11	 0	 8	 6	
11	 0	30	30	

19	 0	22	19	
19	 0	 1	22	
19	 0	21	 1	
19	 0	20	21	
19	 0	23	20	
19	 0	18	23	
19	 0	24	18	
19	 0	 0	17	

33	 0	 0	33	
33	 0	 1	 0	
33	 0	32	 1	
33	 0	 8	32	
33	 0	13	 8	
33	 0	10	13	
33	 0	 9	31	
33	 0	 6	 9	
33	 0	21	21	

 0	 0	-858993460	-858993460	

31	 0	 1	 1	
31	 0	26	26	
31	 0	32	33	
31	 0	25	25	
31	 0	27	27	
31	 0	34	31	
31	 0	30	32	
31	 0	28	34	
31	 0	20	20	
31	 0	 6	 6	

11	 0	18	18	
11	 0	 1	 1	
11	 0	19	19	
11	 0	17	 7	
11	 0	 8	17	
11	 0	 4	 5	
11	 0	 2	11	
11	 0	 6	 8	
11	 0	31	31	
11	 0	 7	 7	

19	 0	17	17	
19	 0	 0	19	
19	 0	16	 0	
19	 0	20	16	
19	 0	 1	20	
19	 0	14	11	
19	 0	12	 1	
19	 0	15	14	
19	 0	11	11	

 0	 0	-858993460	-858993460	

21	 0	 1	 1	
21	 0	 0	 0	
21	 0	14	21	
21	 0	22	14	
21	 0	20	22	
21	 0	12	20	
21	 0	16	15	
21	 0	18	13	

 0	 0	-858993460	-858993460	

 3	 0	 9	 9	
 3	 0	10	10	
 3	 0	 8	 8	
 3	 0	 6	 3	
 3	 0	 4	 4	
 3	 0	 7	 5	
 3	 0	 2	 6	
 3	 0	 1	 7	
 3	 0	20	20	

 0	 0	-858993460	-858993460	

 0	 0	-858993460	-858993460	

 0	 0	-858993460	-858993460	

 0	 0	-858993460	-858993460	

13	 0	 2	13	
13	 0	 6	 2	
13	 0	 4	 3	
13	 0	 8	 4	
13	 0	12	 5	
13	 0	 3	 6	
13	 0	 5	 7	
13	 0	 7	 8	
13	 0	22	22	
13	 0	18	18	

 0	 0	-858993460	-858993460	

21	 0	 1	21	
21	 0	 9	 1	
21	 0	 8	20	
21	 0	 7	 9	
21	 0	 4	 7	
21	 0	 6	 8	
21	 0	 0	 4	
21	 0	26	 6	
21	 0	13	13	

 0	 0	-858993460	-858993460	

 0	 0	-858993460	-858993460	

 3	 0	10	10	
 3	 0	11	11	
 3	 0	 9	 9	
 3	 0	12	 3	
 3	 0	 8	12	
 3	 0	 4	 8	
 3	 0	 1	 7	
 3	 0	 6	 4	
 3	 0	34	34	

23	 0	 1	 1	
23	 0	20	20	
23	 0	21	21	
23	 0	19	19	
23	 0	18	23	
23	 0	22	18	
23	 0	24	22	
23	 0	26	24	
23	 0	 8	 8	
23	 0	12	12	

 0	 0	-858993460	-858993460	

21	 0	17	17	
21	 0	26	26	
21	 0	18	18	
21	 0	16	21	
21	 0	20	16	
21	 0	22	20	
21	 0	14	22	
21	 0	19	14	

 0	 0	-858993460	-858993460	

23	 0	 1	 1	
23	 0	21	21	
23	 0	20	20	
23	 0	22	22	
23	 0	10	10	
23	 0	 0	 0	
23	 0	12	23	
23	 0	24	11	
23	 0	31	31	
23	 0	34	34	

 0	 0	-858993460	-858993460	

31	 0	16	31	
31	 0	 0	19	
31	 0	20	16	
31	 0	 1	 0	
31	 0	14	20	
31	 0	15	 1	
31	 0	 2	14	
31	 0	 6	15	
31	 0	27	27	

27	 0	 1	27	
27	 0	10	 1	
27	 0	12	10	
27	 0	 2	 3	
27	 0	 4	 5	
27	 0	 6	12	
27	 0	14	13	
27	 0	 9	 2	
27	 0	28	28	

 0	 0	-858993460	-858993460	

 0	 0	-858993460	-858993460	

19	 0	16	16	
19	 0	15	15	
19	 0	14	14	
19	 0	18	18	
19	 0	17	19	
19	 0	20	17	
19	 0	13	20	
19	 0	 1	13	

33	 0	 2	 2	
33	 0	 3	 3	
33	 0	 4	 4	
33	 0	34	34	
33	 0	 5	 5	
33	 0	 0	 0	
33	 0	32	32	
33	 0	 6	33	
33	 0	18	18	
33	 0	19	19	

 0	 0	-858993460	-858993460	

17	 0	 1	 1	
17	 0	14	14	
17	 0	16	16	
17	 0	15	17	
17	 0	18	15	
17	 0	 2	18	
17	 0	 6	 2	
17	 0	 4	 3	
17	 0	21	21	
17	 0	20	20	

 0	 0	-858993460	-858993460	

 0	 0	-858993460	-858993460	

19	 0	 0	19	
19	 0	23	 0	
19	 0	24	23	
19	 0	22	24	
19	 0	20	21	
19	 0	25	20	
19	 0	28	22	
19	 0	26	25	
19	 0	18	18	
19	 0	21	21	

 0	 0	-858993460	-858993460	

 0	 0	-858993460	-858993460	

 9	 0	 3	 9	
 9	 0	 2	 3	
 9	 0	 4	33	
 9	 0	 8	11	
 9	 0	34	 2	
 9	 0	12	 4	
 9	 0	 6	 8	
 9	 0	32	12	
 9	 0	20	20	
 9	 0	18	18	

 0	 0	-858993460	-858993460	

21	 0	 1	 1	
21	 0	19	19	
21	 0	31	21	
21	 0	30	31	
21	 0	29	29	
21	 0	22	30	
21	 0	28	22	
21	 0	20	28	
21	 0	18	18	

 0	 0	-858993460	-858993460	

31	 0	 0	31	
31	 0	 6	 0	
31	 0	 5	 6	
31	 0	30	 5	
31	 0	 4	 4	
31	 0	 2	30	
31	 0	34	 3	
31	 0	10	 2	
31	 0	20	20	
31	 0	18	18	

19	 0	 0	 0	
19	 0	 1	23	
19	 0	16	 1	
19	 0	18	24	
19	 0	14	21	
19	 0	 6	17	
19	 0	10	16	
19	 0	20	19	
19	 0	21	21	
19	 0	24	24	

 0	 0	-858993460	-858993460	

 0	 0	-858993460	-858993460	

 0	 0	-858993460	-858993460	

 0	 0	-858993460	-858993460	

 0	 0	-858993460	-858993460	

23	 0	 1	 1	
23	 0	 0	 0	
23	 0	22	22	
23	 0	26	23	
23	 0	21	26	
23	 0	24	21	
23	 0	19	24	
23	 0	20	19	
23	 0	18	18	

 0	 0	-858993460	-858993460	

 0	 0	-858993460	-858993460	

 0	 0	-858993460	-858993460	

19	 0	10	10	
19	 0	 9	 9	
19	 0	11	11	
19	 0	12	12	
19	 0	 0	 0	
19	 0	 8	 8	
19	 0	 2	19	
19	 0	 6	 2	
19	 0	18	18	

24	 0	 0	25	
24	 0	14	24	
24	 0	34	 0	
24	 0	15	14	
24	 0	28	27	
24	 0	 1	33	
24	 0	16	34	
24	 0	32	15	
24	 0	19	19	
24	 0	 7	 7	

 0	 0	-858993460	-858993460	

25	 0	 1	 1	
25	 0	 0	 0	
25	 0	24	23	
25	 0	22	25	
25	 0	26	24	
25	 0	28	27	
25	 0	21	22	
25	 0	 6	26	
25	 0	18	18	

33	 0	 0	 0	
33	 0	 1	 1	
33	 0	32	33	
33	 0	34	32	
33	 0	30	34	
33	 0	26	31	
33	 0	20	29	
33	 0	18	30	

 0	 0	-858993460	-858993460	

21	 0	18	18	
21	 0	26	21	
21	 0	17	26	
21	 0	25	17	
21	 0	19	25	
21	 0	22	19	
21	 0	16	22	
21	 0	24	15	

 0	 0	-858993460	-858993460	

33	 0	 0	 0	
33	 0	 1	 8	
33	 0	32	 1	
33	 0	34	32	
33	 0	28	33	
33	 0	14	15	
33	 0	24	34	
33	 0	16	27	
33	 0	18	18	

17	 0	13	13	
17	 0	14	17	
17	 0	12	14	
17	 0	 0	12	
17	 0	 1	 0	
17	 0	15	 1	
17	 0	16	15	
17	 0	 8	 7	
17	 0	18	18	

 0	 0	-858993460	-858993460	

 0	 0	-858993460	-858993460	

 0	 0	-858993460	-858993460	

15	 0	 1	15	
15	 0	20	17	
15	 0	19	 1	
15	 0	16	19	
15	 0	21	20	
15	 0	12	16	
15	 0	14	21	
15	 0	 0	12	

 0	 0	-858993460	-858993460	

15	 0	 1	 1	
15	 0	18	18	
15	 0	 0	15	
15	 0	16	 0	
15	 0	14	21	
15	 0	22	16	
15	 0	20	14	
15	 0	24	20	

15	 0	 0	 0	
15	 0	 7	 7	
15	 0	 6	 6	
15	 0	14	15	
15	 0	 8	14	
15	 0	 5	 5	
15	 0	 1	 8	
15	 0	32	 1	
15	 0	18	18	

17	 0	10	10	
17	 0	11	11	
17	 0	12	15	
17	 0	 9	17	
17	 0	13	12	
17	 0	 6	 9	
17	 0	14	13	
17	 0	16	 6	
17	 0	18	18	

 3	 0	 1	 1	
 3	 0	10	10	
 3	 0	 4	 3	
 3	 0	 2	 4	
 3	 0	 6	 2	
 3	 0	 0	 5	
 3	 0	 9	 6	
 3	 0	 8	 0	
 3	 0	17	17	
 3	 0	18	18	

 0	 0	-858993460	-858993460	

13	 0	18	18	
13	 0	17	17	
13	 0	16	16	
13	 0	15	15	
13	 0	 0	 0	
13	 0	19	19	
13	 0	14	14	
13	 0	20	13	
13	 0	 1	 1	
13	 0	10	10	

17	 0	 1	 1	
17	 0	32	17	
17	 0	28	32	
17	 0	16	28	
17	 0	18	16	
17	 0	31	18	
17	 0	33	29	
17	 0	30	31	

 0	 0	-858993460	-858993460	

 0	 0	-858993460	-858993460	

13	 0	17	17	
13	 0	18	18	
13	 0	19	19	
13	 0	 1	 1	
13	 0	12	15	
13	 0	14	13	
13	 0	20	12	
13	 0	16	11	
13	 0	25	25	

 0	 0	-858993460	-858993460	

27	 0	 1	 1	
27	 0	 0	 0	
27	 0	 2	27	
27	 0	26	 2	
27	 0	 4	 3	
27	 0	28	 7	
27	 0	24	 4	
27	 0	 8	26	
27	 0	19	19	

33	 0	 0	 0	
33	 0	16	16	
33	 0	20	19	
33	 0	17	20	
33	 0	18	17	
33	 0	 1	18	
33	 0	34	 1	
33	 0	 6	33	
33	 0	19	19	

25	 0	27	25	
25	 0	28	27	
25	 0	 1	28	
25	 0	24	 1	
25	 0	23	23	
25	 0	29	24	
25	 0	30	29	
25	 0	 0	30	
25	 0	13	13	

 0	 0	-858993460	-858993460	

11	 0	 8	 8	
11	 0	 9	 9	
11	 0	 0	 0	
11	 0	 7	 7	
11	 0	10	10	
11	 0	12	11	
11	 0	 6	12	
11	 0	34	 6	
11	 0	18	18	
11	 0	17	17	

 0	 0	-858993460	-858993460	

33	 0	30	30	
33	 0	29	29	
33	 0	28	28	
33	 0	32	32	
33	 0	27	33	
33	 0	31	27	
33	 0	34	31	
33	 0	18	34	
33	 0	17	17	

17	 0	 0	17	
17	 0	 1	 0	
17	 0	18	 1	
17	 0	14	18	
17	 0	12	12	
17	 0	16	14	
17	 0	10	13	
17	 0	 6	19	

33	 0	18	18	
33	 0	17	17	
33	 0	 1	33	
33	 0	24	 1	
33	 0	16	24	
33	 0	34	27	
33	 0	28	16	
33	 0	32	25	

19	 0	 0	 0	
19	 0	 1	 1	
19	 0	14	19	
19	 0	18	14	
19	 0	12	15	
19	 0	20	 9	
19	 0	 8	11	
19	 0	10	12	

23	 0	16	16	
23	 0	 1	19	
23	 0	15	 1	
23	 0	22	15	
23	 0	17	23	
23	 0	26	22	
23	 0	20	21	
23	 0	24	17	

17	 0	 1	17	
17	 0	 0	 1	
17	 0	 2	 0	
17	 0	18	18	
17	 0	16	16	

17	 0	 0	 0	
17	 0	 1	17	
17	 0	16	 1	
17	 0	18	16	
17	 0	 2	18	
17	 0	 4	15	
17	 0	14	 2	
17	 0	26	 3	

21	 0	16	16	
21	 0	17	17	
21	 0	18	18	
21	 0	14	14	
21	 0	20	19	
21	 0	19	20	
21	 0	15	15	
21	 0	 1	21	

19	 0	 0	 0	
19	 0	 1	19	
19	 0	20	 1	
19	 0	22	20	
19	 0	24	21	
19	 0	 2	22	
19	 0	 4	 5	
19	 0	18	 3	
19	 0	17	17	
19	 0	16	16	

 0	 0	-858993460	-858993460	

 0	 0	-858993460	-858993460	

 9	 0	 6	 6	
 9	 0	 5	 5	
 9	 0	 7	 7	
 9	 0	 4	 4	
 9	 0	 8	 3	
 9	 0	 3	 8	
 9	 0	11	 9	
 9	 0	13	11	
 9	 0	20	20	

 0	 0	-858993460	-858993460	

 0	 0	-858993460	-858993460	

 0	 0	-858993460	-858993460	

31	 0	 1	 1	
31	 0	26	26	
31	 0	30	30	
31	 0	18	18	
31	 0	16	17	
31	 0	28	31	
31	 0	27	15	
31	 0	14	16	
31	 0	 0	 0	

 0	 0	-858993460	-858993460	

 0	 0	-858993460	-858993460	

19	 0	 1	19	
19	 0	14	 1	
19	 0	16	14	
19	 0	18	16	
19	 0	20	18	
19	 0	12	21	
19	 0	26	20	
19	 0	15	12	
19	 0	10	10	

 0	 0	-858993460	-858993460	

 5	 0	10	10	
 5	 0	12	12	
 5	 0	 4	 4	
 5	 0	11	 5	
 5	 0	 9	11	
 5	 0	13	 9	
 5	 0	 0	13	
 5	 0	 8	 0	
 5	 0	22	22	

 0	 0	-858993460	-858993460	

21	 0	33	21	
21	 0	34	33	
21	 0	32	32	
21	 0	22	34	
21	 0	31	22	
21	 0	 0	31	
21	 0	30	 0	
21	 0	20	20	
21	 0	16	16	
21	 0	 1	 1	

 0	 0	-858993460	-858993460	

 0	 0	-858993460	-858993460	

 0	 0	-858993460	-858993460	

19	 0	 0	 0	
19	 0	22	22	
19	 0	20	20	
19	 0	21	19	
19	 0	 1	21	
19	 0	 2	 1	
19	 0	12	 2	
19	 0	 4	 3	

 0	 0	-858993460	-858993460	

21	 0	32	21	
21	 0	33	32	
21	 0	31	33	
21	 0	34	31	
21	 0	 1	34	
21	 0	22	 1	
21	 0	30	22	
21	 0	28	29	
21	 0	20	20	

19	 0	 0	 0	
19	 0	28	21	
19	 0	10	19	
19	 0	30	20	
19	 0	 1	28	
19	 0	 4	15	
19	 0	29	10	
19	 0	 2	30	
19	 0	22	22	
19	 0	21	21	

 0	 0	-858993460	-858993460	

 0	 0	-858993460	-858993460	

 0	 0	-858993460	-858993460	

 0	 0	-858993460	-858993460	

23	 0	20	20	
23	 0	 1	23	
23	 0	21	 1	

19	 0	34	32	
19	 0	32	33	
19	 0	33	34	
19	 0	 1	 1	
19	 0	 0	 0	
19	 0	30	19	
19	 0	21	30	
19	 0	31	21	
19	 0	14	14	

 0	 0	-858993460	-858993460	

 0	 0	-858993460	-858993460	

20	 0	 2	20	
20	 0	 3	 2	
20	 0	 4	 3	
20	 0	 5	 4	
20	 0	 1	 5	
20	 0	 6	21	
20	 0	10	 1	
20	 0	 0	 6	
20	 0	21	21	

 0	 0	-858993460	-858993460	

25	 0	28	28	
25	 0	29	29	
25	 0	31	31	
25	 0	32	32	
25	 0	27	27	
25	 0	30	30	
25	 0	 0	 0	
25	 0	33	25	
25	 0	22	22	

13	 0	19	19	
13	 0	18	18	
13	 0	17	17	
13	 0	20	13	
13	 0	16	20	
13	 0	10	16	
13	 0	 1	10	
13	 0	12	15	
13	 0	29	29	

 9	 0	 2	 2	
 9	 0	 6	 6	
 9	 0	 8	 8	
 9	 0	 4	 4	
 9	 0	 5	 5	
 9	 0	 7	 7	
 9	 0	 3	 3	
 9	 0	12	 9	
 9	 0	30	30	

 0	 0	-858993460	-858993460	

 0	 0	-858993460	-858993460	

11	 0	 9	11	
11	 0	 8	 9	
11	 0	 1	 8	
11	 0	 7	 1	
11	 0	12	 7	
11	 0	16	12	
11	 0	19	16	
11	 0	18	19	
11	 0	 0	 0	
11	 0	24	24	

 0	 0	-858993460	-858993460	

27	 0	24	24	
27	 0	25	25	
27	 0	23	23	
27	 0	22	22	
27	 0	26	26	
27	 0	 0	 0	
27	 0	21	27	
27	 0	28	21	
27	 0	32	32	

 0	 0	-858993460	-858993460	

 3	 0	32	32	
 3	 0	31	31	
 3	 0	30	30	
 3	 0	 5	 5	
 3	 0	 0	 0	
 3	 0	 6	 6	
 3	 0	 4	 3	
 3	 0	 8	 4	

 0	 0	-858993460	-858993460	

33	 0	28	33	
33	 0	29	28	
33	 0	 0	29	
33	 0	26	 0	
33	 0	27	26	
33	 0	 2	27	
33	 0	 1	 2	
33	 0	30	25	
33	 0	 9	 9	

20	 0	 0	 0	
20	 0	34	34	
20	 0	33	33	
20	 0	32	20	
20	 0	 2	32	
20	 0	 4	 7	
20	 0	30	 2	
20	 0	 6	 4	
20	 0	21	21	

 0	 0	-858993460	-858993460	

 0	 0	-858993460	-858993460	

 0	 0	-858993460	-858993460	

 9	 0	14	 9	
 9	 0	12	11	
 9	 0	11	12	
 9	 0	13	14	
 9	 0	15	13	
 9	 0	 8	15	
 9	 0	 6	 8	
 9	 0	 1	 7	
 9	 0	20	20	
 9	 0	18	18	

19	 0	26	26	
19	 0	25	25	
19	 0	24	24	
19	 0	27	27	
19	 0	20	20	
19	 0	23	23	
19	 0	28	19	
19	 0	18	21	
19	 0	21	21	

 0	 0	-858993460	-858993460	

13	 0	 6	13	
13	 0	18	 6	
13	 0	 2	15	
13	 0	 8	18	
13	 0	16	 2	
13	 0	 7	 3	
13	 0	17	 7	
13	 0	 4	 8	
13	 0	21	21	
13	 0	20	20	

 0	 0	-858993460	-858993460	

 0	 0	-858993460	-858993460	

 0	 0	-858993460	-858993460	

11	 0	 1	 1	
11	 0	 0	 0	
11	 0	12	12	
11	 0	10	11	
11	 0	 6	13	
11	 0	 2	10	
11	 0	 4	 6	
11	 0	 8	 2	
11	 0	19	19	
11	 0	20	20	

 0	 0	-858993460	-858993460	

 7	 0	10	10	
 7	 0	 1	 1	
 7	 0	 6	 6	
 7	 0	 8	 8	
 7	 0	 4	 4	
 7	 0	 9	 7	
 7	 0	11	 9	
 7	 0	12	 5	
 7	 0	32	32	

19	 0	 2	19	
19	 0	 4	 2	
19	 0	 3	 4	
19	 0	20	 3	
19	 0	 1	20	
19	 0	 5	 1	
19	 0	 6	 5	
19	 0	 8	 6	
19	 0	21	21	

23	 0	 0	 0	
23	 0	 1	 1	
23	 0	24	23	
23	 0	28	24	
23	 0	14	28	
23	 0	22	13	
23	 0	10	14	
23	 0	12	15	
23	 0	19	19	
23	 0	 6	 6	

 0	 0	-858993460	-858993460	

33	 0	24	24	
33	 0	26	23	
33	 0	23	26	
33	 0	25	25	
33	 0	27	27	
33	 0	22	22	
33	 0	28	28	
33	 0	34	33	
33	 0	18	18	
33	 0	20	20	

 0	 0	-858993460	-858993460	

20	 0	 0	 0	
20	 0	 1	23	
20	 0	10	 1	
20	 0	14	20	
20	 0	 2	10	
20	 0	 6	14	
20	 0	 4	24	
20	 0	 8	 2	
20	 0	19	19	

25	 0	31	31	
25	 0	32	32	
25	 0	30	30	
25	 0	28	23	
25	 0	29	25	
25	 0	24	28	
25	 0	34	29	
25	 0	20	24	
25	 0	19	19	

 0	 0	-858993460	-858993460	

 0	 0	-858993460	-858993460	

19	 0	 1	 1	
19	 0	 0	19	
19	 0	34	 0	
19	 0	28	12	
19	 0	18	29	
19	 0	30	34	
19	 0	24	28	
19	 0	22	25	

 0	 0	-858993460	-858993460	

 3	 0	 1	 1	
 3	 0	10	10	
 3	 0	 2	 3	
 3	 0	 4	 2	
 3	 0	12	 4	
 3	 0	 9	12	
 3	 0	11	13	
 3	 0	 6	 9	
 3	 0	19	19	
 3	 0	20	20	

 0	 0	-858993460	-858993460	

 3	 0	 0	 0	
 3	 0	 8	 8	
 3	 0	 7	 7	
 3	 0	 1	 1	
 3	 0	 6	 6	
 3	 0	 4	 4	
 3	 0	 9	 9	
 3	 0	12	 3	
 3	 0	19	19	

24	 0	18	 5	
24	 0	16	24	
24	 0	17	18	
24	 0	 4	16	
24	 0	15	17	
24	 0	14	 4	
24	 0	19	15	
24	 0	 6	14	

13	 0	 8	 7	
13	 0	 7	 8	
13	 0	 6	 6	
13	 0	12	 9	
13	 0	 9	11	
13	 0	 5	12	
13	 0	 4	 5	
13	 0	 2	13	
13	 0	34	34	
13	 0	19	19	

 0	 0	-858993460	-858993460	

11	 0	 1	 3	
11	 0	 8	 1	
11	 0	12	 8	
11	 0	 9	 9	
11	 0	 7	11	
11	 0	 6	12	
11	 0	 4	13	
11	 0	 2	 7	
11	 0	 3	 3	

 0	 0	-858993460	-858993460	

 0	 0	-858993460	-858993460	

 0	 0	-858993460	-858993460	

23	 0	20	20	
23	 0	18	18	
23	 0	 0	 0	
23	 0	22	16	
23	 0	26	19	
23	 0	30	21	
23	 0	16	22	
23	 0	24	23	

17	 0	 6	17	
17	 0	 9	 6	
17	 0	 7	 9	
17	 0	 8	11	
17	 0	12	 7	
17	 0	 1	 8	
17	 0	14	12	
17	 0	18	 1	

 0	 0	-858993460	-858993460	

17	 0	23	23	
17	 0	21	21	
17	 0	22	22	
17	 0	20	20	
17	 0	18	18	
17	 0	24	24	
17	 0	19	19	
17	 0	 1	17	
17	 0	 0	 0	

 0	 0	-858993460	-858993460	

 0	 0	-858993460	-858993460	

 0	 0	-858993460	-858993460	

 0	 0	-858993460	-858993460	

 5	 0	 0	 0	
 5	 0	 2	 2	
 5	 0	 3	 3	
 5	 0	 1	 5	
 5	 0	 4	 1	
 5	 0	25	 4	
 5	 0	 6	25	
 5	 0	 8	 6	
 5	 0	19	19	

17	 0	13	13	
17	 0	14	14	
17	 0	15	15	
17	 0	12	12	
17	 0	11	11	
17	 0	16	17	
17	 0	 0	16	
17	 0	18	 0	

 0	 0	-858993460	-858993460	

17	 0	 0	11	
17	 0	14	 0	
17	 0	12	14	
17	 0	10	12	
17	 0	13	10	
17	 0	15	13	
17	 0	18	 9	
17	 0	16	17	

 0	 0	-858993460	-858993460	

29	 0	24	29	
29	 0	18	24	
29	 0	28	18	
29	 0	25	25	
29	 0	 1	28	
29	 0	16	31	
29	 0	26	 1	
29	 0	 0	16	

 0	 0	-858993460	-858993460	

 0	 0	-858993460	-858993460	

21	 0	28	28	
21	 0	29	29	
21	 0	27	21	
21	 0	 1	27	
21	 0	24	 1	
21	 0	22	24	
21	 0	30	23	
21	 0	20	22	
21	 0	17	17	

17	 0	 0	 0	
17	 0	19	19	
17	 0	20	20	
17	 0	 1	17	
17	 0	10	 1	
17	 0	18	10	
17	 0	16	18	
17	 0	21	16	

23	 0	 1	 1	
23	 0	26	23	
23	 0	24	24	
23	 0	25	26	
23	 0	22	29	
23	 0	30	25	
23	 0	28	22	
23	 0	27	28	
23	 0	18	18	

 0	 0	-858993460	-858993460	

17	 0	 1	 1	
17	 0	 2	 2	
17	 0	 0	17	
17	 0	18	18	

 0	 0	-858993460	-858993460	

21	 0	 1	 1	
21	 0	34	34	
21	 0	18	21	
21	 0	33	18	
21	 0	22	33	
21	 0	20	22	
21	 0	32	20	
21	 0	19	19	
21	 0	16	16	

 0	 0	-858993460	-858993460	

23	 0	34	33	
23	 0	33	34	
23	 0	32	32	
23	 0	31	31	
23	 0	30	30	
23	 0	24	24	
23	 0	 0	 0	
23	 0	 1	23	
23	 0	20	20	

17	 0	20	17	
17	 0	21	20	
17	 0	 1	23	

17	 0	14	14	
17	 0	 0	 0	
17	 0	16	17	
17	 0	13	16	
17	 0	15	13	
17	 0	12	15	
17	 0	34	12	
17	 0	 8	11	
17	 0	19	19	

25	 0	 0	 0	
25	 0	 1	 7	
25	 0	 6	17	
25	 0	26	 1	
25	 0	30	 6	
25	 0	 8	25	
25	 0	16	27	
25	 0	24	26	
25	 0	18	18	
25	 0	17	17	

 5	 0	15	 5	
 5	 0	13	15	
 5	 0	12	13	
 5	 0	14	12	
 5	 0	16	14	
 5	 0	11	16	
 5	 0	 0	11	
 5	 0	 1	 0	
 5	 0	20	20	
 5	 0	17	17	

31	 0	 1	 1	
31	 0	33	33	
31	 0	34	34	
31	 0	 0	 0	
31	 0	32	32	
31	 0	 8	31	
31	 0	 6	 8	
31	 0	 4	 3	
31	 0	20	20	

13	 0	 1	13	
13	 0	 6	 1	
13	 0	14	 6	
13	 0	 7	15	
13	 0	 2	 7	
13	 0	 4	14	
13	 0	 8	 2	
13	 0	12	 3	
13	 0	23	23	

27	 0	24	24	
27	 0	25	25	
27	 0	 0	 0	
27	 0	26	27	
27	 0	23	23	
27	 0	21	26	
27	 0	32	21	
27	 0	28	32	
27	 0	20	20	

17	 0	13	13	
17	 0	14	14	
17	 0	15	15	
17	 0	 9	17	
17	 0	 8	 9	
17	 0	12	11	
17	 0	18	 8	
17	 0	16	12	
17	 0	21	21	
17	 0	20	20	

 0	 0	-858993460	-858993460	

 0	 0	-858993460	-858993460	

11	 0	 0	 0	
11	 0	 1	 1	
11	 0	10	10	
11	 0	 8	11	
11	 0	12	 9	
11	 0	 6	 8	
11	 0	 4	12	
11	 0	 2	 7	
11	 0	23	23	
11	 0	19	19	

 0	 0	-858993460	-858993460	

23	 0	34	34	
23	 0	32	23	
23	 0	33	32	
23	 0	28	33	
23	 0	31	28	
23	 0	22	31	
23	 0	30	27	
23	 0	24	22	

 0	 0	-858993460	-858993460	

 0	 0	-858993460	-858993460	

 0	 0	-858993460	-858993460	

 0	 0	-858993460	-858993460	

21	 0	 1	 1	
21	 0	 0	19	
21	 0	20	21	
21	 0	22	 0	
21	 0	18	20	
21	 0	16	22	
21	 0	10	18	
21	 0	24	16	

21	 0	17	17	
21	 0	16	16	
21	 0	18	18	
21	 0	19	19	
21	 0	20	20	
21	 0	15	15	
21	 0	 0	21	
21	 0	22	 0	

 0	 0	-858993460	-858993460	

21	 0	 0	 0	
21	 0	 1	 1	
21	 0	22	19	
21	 0	20	17	
21	 0	14	21	
21	 0	18	22	
21	 0	16	20	
21	 0	24	14	
21	 0	12	12	

 0	 0	-858993460	-858993460	

 0	 0	-858993460	-858993460	

23	 0	 1	 1	
23	 0	10	10	
23	 0	22	23	
23	 0	 8	21	
23	 0	12	22	
23	 0	 9	 8	
23	 0	11	 9	
23	 0	 6	11	

29	 0	22	29	
29	 0	 0	22	
29	 0	24	 0	
29	 0	28	27	
29	 0	23	24	
29	 0	21	28	
29	 0	34	23	
29	 0	30	21	

21	 0	14	14	
21	 0	15	15	
21	 0	 2	 2	
21	 0	 3	 3	
21	 0	22	22	
21	 0	 1	17	
21	 0	10	21	
21	 0	 4	23	

 0	 0	-858993460	-858993460	

 0	 0	-858993460	-858993460	

27	 0	34	34	
27	 0	32	32	
27	 0	33	25	
27	 0	31	33	
27	 0	 1	27	
27	 0	22	31	
27	 0	28	 1	
27	 0	24	22	
27	 0	 0	 0	

32	 0	 0	 0	
32	 0	 2	 2	
32	 0	 3	 3	
32	 0	 6	 6	
32	 0	 4	 5	
32	 0	10	 4	
32	 0	 8	 7	
32	 0	12	32	
32	 0	21	21	
32	 0	22	22	

 0	 0	-858993460	-858993460	

 0	 0	-858993460	-858993460	

 3	 0	 0	 0	
 3	 0	26	26	
 3	 0	30	30	
 3	 0	 4	 3	
 3	 0	32	 4	
 3	 0	34	32	
 3	 0	 2	33	
 3	 0	 6	34	

 0	 0	-858993460	-858993460	

25	 0	27	25	
25	 0	28	27	
25	 0	22	28	
25	 0	24	22	
25	 0	29	24	
25	 0	21	29	
25	 0	30	21	
25	 0	23	23	

25	 0	 1	 1	
25	 0	22	22	
25	 0	34	25	
25	 0	28	34	
25	 0	23	27	
25	 0	21	28	
25	 0	 0	23	
25	 0	24	21	

17	 0	22	22	
17	 0	23	23	
17	 0	 1	 1	
17	 0	21	15	
17	 0	18	17	
17	 0	16	21	
17	 0	24	16	
17	 0	14	18	

 0	 0	-858993460	-858993460	

 0	 0	-858993460	-858993460	

 0	 0	-858993460	-858993460	

 3	 0	34	34	
 3	 0	33	33	
 3	 0	 0	 0	
 3	 0	 4	 3	
 3	 0	 2	 4	
 3	 0	32	 5	
 3	 0	 6	 2	
 3	 0	 1	32	
 3	 0	11	11	

 0	 0	-858993460	-858993460	

15	 0	 0	15	
15	 0	 1	 0	
15	 0	 2	 1	
15	 0	14	 2	
15	 0	16	 3	
15	 0	 4	14	
15	 0	30	16	
15	 0	26	 4	
15	 0	21	21	

27	 0	21	27	
27	 0	25	21	
27	 0	24	25	
27	 0	22	24	
27	 0	28	22	
27	 0	 1	28	
27	 0	20	29	
27	 0	26	 1	

 0	 0	-858993460	-858993460	

 7	 0	 1	 1	
 7	 0	 4	 3	
 7	 0	 3	 4	
 7	 0	 2	 2	
 7	 0	 5	 5	
 7	 0	 6	 6	
 7	 0	 0	 0	
 7	 0	12	 7	
 7	 0	29	29	

23	 0	31	31	
23	 0	30	30	
23	 0	32	32	
23	 0	22	27	
23	 0	29	22	
23	 0	33	23	
23	 0	20	29	
23	 0	 0	33	
23	 0	27	27	
23	 0	 6	 6	

21	 0	 0	 0	
21	 0	 4	21	
21	 0	 6	 4	
21	 0	 5	 5	
21	 0	 3	 6	
21	 0	 1	 3	
21	 0	 2	 1	
21	 0	10	 7	
21	 0	12	12	
21	 0	34	34	

 0	 0	-858993460	-858993460	

 0	 0	-858993460	-858993460	

13	 0	 0	 0	
13	 0	34	33	
13	 0	33	34	
13	 0	32	32	
13	 0	 8	 8	
13	 0	10	10	
13	 0	14	14	
13	 0	12	13	
13	 0	 1	 1	

 8	 0	19	19	
 8	 0	18	18	
 8	 0	20	20	
 8	 0	 1	 1	
 8	 0	21	21	
 8	 0	 0	 0	
 8	 0	16	16	
 8	 0	10	 8	
 8	 0	30	30	

 0	 0	-858993460	-858993460	

27	 0	22	22	
27	 0	 0	 0	
27	 0	23	27	
27	 0	18	23	
27	 0	24	18	
27	 0	28	24	
27	 0	 1	28	
27	 0	34	 1	

13	 0	10	10	
13	 0	 5	 5	
13	 0	 6	 6	
13	 0	 4	 4	
13	 0	 9	 9	
13	 0	11	11	
13	 0	 2	13	
13	 0	 8	 2	
13	 0	 0	 0	
13	 0	19	19	

 0	 0	-858993460	-858993460	

19	 0	24	24	
19	 0	23	23	
19	 0	 0	 0	
19	 0	25	25	
19	 0	 1	19	
19	 0	22	 1	
19	 0	20	22	
19	 0	26	20	

19	 0	 1	 1	
19	 0	 2	19	
19	 0	14	17	
19	 0	18	 2	
19	 0	12	14	
19	 0	20	18	
19	 0	13	12	
19	 0	11	13	
19	 0	 0	 0	

 0	 0	-858993460	-858993460	

21	 0	 1	 1	
21	 0	 2	21	
21	 0	 0	 2	
21	 0	34	 0	
21	 0	 3	34	
21	 0	 4	20	
21	 0	14	 3	
21	 0	 6	 4	
21	 0	20	20	
21	 0	19	19	

 0	 0	-858993460	-858993460	

 0	 0	-858993460	-858993460	

13	 0	 9	 9	
13	 0	 0	 0	
13	 0	 8	11	
13	 0	12	 8	
13	 0	10	12	
13	 0	 7	13	
13	 0	 1	10	
13	 0	20	 7	
13	 0	34	34	

29	 0	 0	 0	
29	 0	 6	 6	
29	 0	10	10	
29	 0	 7	 7	
29	 0	 5	29	
29	 0	 8	 5	
29	 0	26	 8	
29	 0	 4	 4	
29	 0	19	19	

21	 0	 0	 0	
21	 0	 1	21	
21	 0	18	17	
21	 0	20	 1	
21	 0	22	18	
21	 0	16	20	
21	 0	14	22	
21	 0	24	15	

 0	 0	-858993460	-858993460	

20	 0	 0	20	
20	 0	 6	 0	
20	 0	 7	 6	
20	 0	 4	 7	
20	 0	 5	19	
20	 0	 2	 4	
20	 0	 1	21	
20	 0	 8	 5	

13	 0	20	20	
13	 0	18	18	
13	 0	14	14	
13	 0	17	17	
13	 0	 0	 0	
13	 0	 1	 1	
13	 0	21	13	
13	 0	19	21	

 0	 0	-858993460	-858993460	

 0	 0	-858993460	-858993460	

20	 0	 1	20	
20	 0	 0	21	
20	 0	 2	19	
20	 0	24	 1	
20	 0	28	 0	
20	 0	30	 2	
20	 0	26	24	
20	 0	32	28	

 0	 0	-858993460	-858993460	

 0	 0	-858993460	-858993460	

25	 0	17	17	
25	 0	16	16	
25	 0	15	15	
25	 0	28	28	
25	 0	29	29	
25	 0	24	24	
25	 0	27	27	
25	 0	14	25	
25	 0	19	19	

31	 0	26	25	
31	 0	30	26	
31	 0	25	27	
31	 0	27	29	
31	 0	29	30	
31	 0	28	28	
31	 0	34	24	
31	 0	24	31	
31	 0	20	20	
31	 0	14	14	

 0	 0	-858993460	-858993460	

 7	 0	18	18	
 7	 0	20	20	
 7	 0	 6	 6	
 7	 0	19	 7	
 7	 0	 0	19	
 7	 0	 4	 0	
 7	 0	 8	 4	
 7	 0	17	 5	

 0	 0	-858993460	-858993460	

13	 0	 6	 6	
13	 0	16	13	
13	 0	 5	16	
13	 0	 7	 5	
13	 0	14	 7	
13	 0	 8	 8	
13	 0	12	14	
13	 0	 4	11	
13	 0	19	19	

31	 0	19	31	
31	 0	20	19	
31	 0	24	20	
31	 0	30	24	
31	 0	28	28	
31	 0	22	30	
31	 0	21	21	
31	 0	25	22	

 0	 0	-858993460	-858993460	

19	 0	16	16	
19	 0	15	15	
19	 0	17	17	
19	 0	 0	 0	
19	 0	20	20	
19	 0	18	18	
19	 0	14	19	
19	 0	 1	14	

19	 0	 1	 1	
19	 0	 0	 0	
19	 0	16	19	
19	 0	20	16	
19	 0	18	20	
19	 0	 2	18	
19	 0	22	 2	
19	 0	10	 3	

25	 0	34	34	
25	 0	31	31	
25	 0	32	32	
25	 0	33	33	
25	 0	30	30	
25	 0	24	24	
25	 0	20	19	
25	 0	28	25	
25	 0	19	19	
25	 0	22	22	

 7	 0	10	10	
 7	 0	11	11	
 7	 0	12	12	
 7	 0	13	13	
 7	 0	 9	 9	
 7	 0	 8	 8	
 7	 0	14	 7	
 7	 0	 6	14	
 7	 0	31	31	
 7	 0	 0	 0	

 0	 0	-858993460	-858993460	

 0	 0	-858993460	-858993460	

 7	 0	 3	 3	
 7	 0	 4	 7	
 7	 0	10	 4	
 7	 0	 6	10	
 7	 0	 5	 5	
 7	 0	20	 6	
 7	 0	 8	20	
 7	 0	 9	 8	
 7	 0	19	19	

32	 0	28	28	
32	 0	27	32	
32	 0	26	27	
32	 0	25	26	
32	 0	 0	25	
32	 0	24	 0	
32	 0	29	31	
32	 0	 2	24	
32	 0	19	19	
32	 0	 1	 1	

 7	 0	 1	 1	
 7	 0	14	19	
 7	 0	16	14	
 7	 0	13	16	
 7	 0	12	 7	
 7	 0	15	13	
 7	 0	 6	12	
 7	 0	18	15	
 7	 0	19	19	
 7	 0	 0	 0	

 0	 0	-858993460	-858993460	

 0	 0	-858993460	-858993460	

23	 0	34	33	
23	 0	33	34	
23	 0	32	23	
23	 0	31	25	
23	 0	24	27	
23	 0	28	31	
23	 0	26	32	
23	 0	30	24	
23	 0	 1	 1	
23	 0	10	10	

 0	 0	-858993460	-858993460	

11	 0	 1	 1	
11	 0	 8	 8	
11	 0	 9	11	
11	 0	12	 9	
11	 0	10	12	
11	 0	 4	 4	
11	 0	 6	10	
11	 0	 7	 5	
11	 0	20	20	
11	 0	19	19	

 3	 0	25	25	
 3	 0	24	24	
 3	 0	23	23	
 3	 0	 1	 1	
 3	 0	26	26	
 3	 0	 2	 2	
 3	 0	10	 3	
 3	 0	16	10	
 3	 0	 9	 9	

 0	 0	-858993460	-858993460	

 0	 0	-858993460	-858993460	

17	 0	28	28	
17	 0	29	29	
17	 0	27	27	
17	 0	25	25	
17	 0	26	26	
17	 0	24	17	
17	 0	18	24	
17	 0	30	18	

11	 0	 1	11	
11	 0	 6	 1	
11	 0	14	 6	
11	 0	 2	14	
11	 0	 4	13	
11	 0	 5	 2	
11	 0	 9	 4	
11	 0	 8	 5	
11	 0	19	19	
11	 0	18	18	

 0	 0	-858993460	-858993460	

27	 0	19	19	
27	 0	25	25	
27	 0	22	21	
27	 0	24	22	
27	 0	21	24	
27	 0	28	27	
27	 0	20	28	
27	 0	18	20	

 0	 0	-858993460	-858993460	

13	 0	33	33	
13	 0	32	13	
13	 0	10	32	
13	 0	34	10	
13	 0	12	34	
13	 0	14	12	
13	 0	11	11	
13	 0	31	14	
13	 0	24	24	
13	 0	19	19	

 0	 0	-858993460	-858993460	

11	 0	 9	 9	
11	 0	 8	11	
11	 0	 1	 8	
11	 0	 6	 1	
11	 0	 7	 6	
11	 0	 2	 7	
11	 0	 4	 2	
11	 0	12	 3	
11	 0	18	18	

 0	 0	-858993460	-858993460	

 0	 0	-858993460	-858993460	

29	 0	21	21	
29	 0	22	22	
29	 0	34	33	
29	 0	33	34	
29	 0	30	29	
29	 0	32	30	
29	 0	24	31	
29	 0	20	32	
29	 0	18	18	

 0	 0	-858993460	-858993460	

13	 0	19	19	
13	 0	20	20	
13	 0	18	18	
13	 0	17	17	
13	 0	21	21	
13	 0	16	16	
13	 0	 1	 1	
13	 0	22	13	

13	 0	 1	13	
13	 0	18	 1	
13	 0	16	15	
13	 0	17	18	
13	 0	 6	16	
13	 0	12	17	
13	 0	 8	 5	
13	 0	 2	 6	

31	 0	21	21	
31	 0	19	31	
31	 0	18	19	
31	 0	22	18	
31	 0	20	20	
31	 0	24	22	
31	 0	23	23	
31	 0	 0	24	
31	 0	17	17	

 0	 0	-858993460	-858993460	

33	 0	 1	 1	
33	 0	30	30	
33	 0	31	31	
33	 0	32	32	
33	 0	29	29	
33	 0	 6	33	
33	 0	 4	 5	
33	 0	34	 6	
33	 0	18	18	

 0	 0	-858993460	-858993460	

31	 0	 1	31	
31	 0	17	 1	
31	 0	18	17	
31	 0	26	18	
31	 0	30	26	
31	 0	19	 7	
31	 0	24	30	
31	 0	28	29	

 0	 0	-858993460	-858993460	

 0	 0	-858993460	-858993460	

 7	 0	10	 7	
 7	 0	18	10	
 7	 0	 1	18	
 7	 0	 9	 1	
 7	 0	11	 9	
 7	 0	 8	11	
 7	 0	 6	 8	
 7	 0	12	 6	

19	 0	28	28	
19	 0	30	27	
19	 0	27	30	
19	 0	34	32	
19	 0	32	33	
19	 0	18	34	
19	 0	20	25	
19	 0	29	19	

 0	 0	-858993460	-858993460	

 0	 0	-858993460	-858993460	

 5	 0	 1	 1	
 5	 0	11	11	
 5	 0	12	12	
 5	 0	 6	 9	
 5	 0	10	 6	
 5	 0	 8	 5	
 5	 0	 4	10	
 5	 0	14	 7	
 5	 0	34	34	
 5	 0	18	18	

19	 0	 0	 0	
19	 0	 1	 1	
19	 0	34	 4	
19	 0	20	34	
19	 0	26	19	
19	 0	22	20	
19	 0	18	21	
19	 0	28	26	
19	 0	 5	 5	

19	 0	 1	19	
19	 0	 0	 1	
19	 0	30	 0	
19	 0	26	30	
19	 0	28	21	
19	 0	20	25	
19	 0	24	17	
19	 0	32	26	
19	 0	 4	 4	
19	 0	 5	 5	

17	 0	15	15	
17	 0	 0	17	
17	 0	14	 0	
17	 0	12	12	
17	 0	 1	14	
17	 0	13	 1	
17	 0	 8	 9	
17	 0	 6	11	
17	 0	18	18	

 0	 0	-858993460	-858993460	

15	 0	17	17	
15	 0	22	22	
15	 0	18	18	
15	 0	16	16	
15	 0	23	23	
15	 0	 1	15	
15	 0	24	 1	
15	 0	14	24	
15	 0	29	29	
15	 0	 3	 3	

11	 0	 4	 4	
11	 0	 5	11	
11	 0	 9	 5	
11	 0	 3	 9	
11	 0	17	 3	
11	 0	 8	17	
11	 0	 2	 8	
11	 0	12	 2	
11	 0	18	18	

31	 0	18	18	
31	 0	20	20	
31	 0	32	31	
31	 0	22	32	
31	 0	24	22	
31	 0	30	25	
31	 0	28	33	
31	 0	21	24	
31	 0	16	16	

23	 0	 1	 1	
23	 0	30	23	
23	 0	34	24	
23	 0	24	25	
23	 0	28	27	
23	 0	32	28	
23	 0	29	29	
23	 0	31	30	
23	 0	18	18	
23	 0	10	10	

17	 0	 1	17	
17	 0	15	 1	
17	 0	14	15	
17	 0	18	14	
17	 0	26	18	
17	 0	16	26	
17	 0	13	16	
17	 0	24	13	

17	 0	14	14	
17	 0	15	15	
17	 0	 0	 0	
17	 0	13	13	
17	 0	16	17	
17	 0	12	16	
17	 0	 1	12	
17	 0	10	 1	
17	 0	18	18	

29	 0	18	18	
29	 0	 0	29	
29	 0	20	 0	
29	 0	28	20	
29	 0	19	28	
29	 0	17	19	
29	 0	22	21	
29	 0	30	17	

23	 0	19	19	
23	 0	18	18	
23	 0	20	20	
23	 0	21	21	
23	 0	 0	 0	
23	 0	22	22	
23	 0	 1	23	
23	 0	24	 1	
23	 0	17	17	

23	 0	20	20	
23	 0	21	21	
23	 0	19	23	
23	 0	 0	 0	

13	 0	 0	 0	
13	 0	26	26	
13	 0	18	23	
13	 0	20	18	
13	 0	 1	20	
13	 0	24	 1	
13	 0	22	13	
13	 0	14	24	

24	 0	 0	 0	
24	 0	 1	23	
24	 0	18	 1	
24	 0	14	24	
24	 0	12	18	
24	 0	16	15	
24	 0	10	14	
24	 0	20	11	
24	 0	25	25	

 3	 0	 0	 3	
 3	 0	24	 0	
 3	 0	 1	24	
 3	 0	 2	 1	
 3	 0	26	 2	
 3	 0	25	25	
 3	 0	 4	26	
 3	 0	 6	27	

 0	 0	-858993460	-858993460	

 0	 0	-858993460	-858993460	

13	 0	22	22	
13	 0	21	21	
13	 0	23	23	
13	 0	20	13	
13	 0	 2	20	
13	 0	 6	 2	
13	 0	 4	 3	
13	 0	 8	 4	
13	 0	26	26	

 0	 0	-858993460	-858993460	

 0	 0	-858993460	-858993460	

 0	 0	-858993460	-858993460	

 0	 0	-858993460	-858993460	

 0	 0	-858993460	-858993460	

31	 0	 1	 1	
31	 0	34	34	
31	 0	32	31	
31	 0	33	32	
31	 0	30	33	
31	 0	18	30	
31	 0	12	23	
31	 0	28	12	
31	 0	23	23	

 0	 0	-858993460	-858993460	

25	 0	30	25	
25	 0	34	27	
25	 0	28	28	
25	 0	32	29	
25	 0	29	30	
25	 0	31	31	
25	 0	33	32	
25	 0	24	33	
25	 0	21	21	
25	 0	 1	 1	

21	 0	 2	 2	
21	 0	 6	21	
21	 0	14	 3	
21	 0	 4	 4	
21	 0	 8	 5	
21	 0	12	 6	
21	 0	 3	 7	
21	 0	 5	 8	
21	 0	22	22	

 0	 0	-858993460	-858993460	

 0	 0	-858993460	-858993460	

 0	 0	-858993460	-858993460	

 0	 0	-858993460	-858993460	

23	 0	 1	 1	
23	 0	 0	 0	
23	 0	10	23	
23	 0	22	10	
23	 0	20	22	
23	 0	12	20	
23	 0	24	21	
23	 0	 2	13	

 0	 0	-858993460	-858993460	

29	 0	22	22	
29	 0	21	21	
29	 0	 0	 0	
29	 0	23	23	
29	 0	 1	 1	
29	 0	28	28	
29	 0	16	16	
29	 0	14	29	

 9	 0	 7	 7	
 9	 0	 5	 5	
 9	 0	 6	 6	
 9	 0	 4	 4	
 9	 0	 8	 8	
 9	 0	 3	 9	
 9	 0	 1	11	
 9	 0	10	21	
 9	 0	22	22	

21	 0	16	16	
21	 0	14	14	
21	 0	15	15	
21	 0	18	17	
21	 0	17	18	
21	 0	20	19	
21	 0	13	20	
21	 0	12	21	
21	 0	 0	 0	

 0	 0	-858993460	-858993460	

21	 0	 1	 1	
21	 0	 0	 0	
21	 0	22	21	
21	 0	20	22	
21	 0	 8	23	
21	 0	10	20	
21	 0	12	 8	
21	 0	18	10	

19	 0	22	22	
19	 0	 0	 0	
19	 0	20	20	
19	 0	 1	19	
19	 0	 6	 1	
19	 0	18	 6	
19	 0	21	 7	
19	 0	10	17	
19	 0	29	29	

 0	 0	-858993460	-858993460	

29	 0	 1	 1	
29	 0	 0	 0	
29	 0	30	29	
29	 0	31	31	
29	 0	21	21	

 0	 0	-858993460	-858993460	

 0	 0	-858993460	-858993460	

 3	 0	13	13	
 3	 0	14	14	
 3	 0	15	15	
 3	 0	12	12	
 3	 0	 1	 1	
 3	 0	11	 3	
 3	 0	 2	 7	
 3	 0	16	11	
 3	 0	21	21	

 0	 0	-858993460	-858993460	

 0	 0	-858993460	-858993460	

27	 0	21	21	
27	 0	19	19	
27	 0	20	20	
27	 0	 0	 0	
27	 0	 1	 1	
27	 0	26	27	
27	 0	28	26	
27	 0	22	28	

 0	 0	-858993460	-858993460	

21	 0	23	23	
21	 0	24	24	
21	 0	 0	 0	
21	 0	22	22	
21	 0	25	25	
21	 0	26	21	
21	 0	20	26	
21	 0	 2	27	
21	 0	30	30	

15	 0	 0	 0	
15	 0	 1	 1	
15	 0	12	12	
15	 0	10	10	
15	 0	14	11	
15	 0	 2	14	
15	 0	 4	15	
15	 0	 8	 2	

 0	 0	-858993460	-858993460	

 0	 0	-858993460	-858993460	

 0	 0	-858993460	-858993460	

21	 0	 1	21	
21	 0	 0	 1	
21	 0	30	 0	
21	 0	20	20	

17	 0	20	20	
17	 0	23	23	
17	 0	21	21	
17	 0	22	22	
17	 0	19	17	
17	 0	 1	19	
17	 0	18	 1	
17	 0	24	18	

 0	 0	-858993460	-858993460	

 0	 0	-858993460	-858993460	

31	 0	 0	 0	
31	 0	 1	 1	
31	 0	30	30	
31	 0	28	31	
31	 0	32	28	
31	 0	13	29	
31	 0	19	32	
31	 0	34	33	

33	 0	 2	 2	
33	 0	26	26	
33	 0	 3	33	
33	 0	10	 3	
33	 0	20	 5	
33	 0	14	 9	
33	 0	 4	10	
33	 0	 8	11	
33	 0	21	21	

 7	 0	20	20	
 7	 0	10	10	
 7	 0	 6	 6	
 7	 0	 9	 9	
 7	 0	11	11	
 7	 0	21	21	
 7	 0	 1	 7	
 7	 0	 8	 1	
 7	 0	29	29	

 0	 0	-858993460	-858993460	

 0	 0	-858993460	-858993460	

23	 0	 1	 1	
23	 0	 0	23	
23	 0	24	 0	
23	 0	29	24	
23	 0	28	25	
23	 0	30	29	
23	 0	34	27	
23	 0	31	28	
23	 0	18	18	

19	 0	 1	29	
19	 0	24	 1	
19	 0	25	24	
19	 0	28	25	
19	 0	23	27	
19	 0	22	28	
19	 0	20	23	
19	 0	26	19	
19	 0	21	21	

 0	 0	-858993460	-858993460	

15	 0	 0	 0	
15	 0	 1	 1	
15	 0	20	20	
15	 0	14	14	
15	 0	 2	15	
15	 0	 6	 2	
15	 0	 4	 3	
15	 0	 8	 4	

 0	 0	-858993460	-858993460	

27	 0	20	27	
27	 0	 1	20	
27	 0	21	 1	
27	 0	10	21	
27	 0	22	10	
27	 0	18	22	
27	 0	19	11	
27	 0	12	15	

 3	 0	 0	 0	
 3	 0	10	10	
 3	 0	 6	 6	
 3	 0	26	26	
 3	 0	 4	29	
 3	 0	 1	 3	
 3	 0	 2	 4	
 3	 0	30	 1	
 3	 0	12	12	
 3	 0	20	20	

27	 0	 1	 1	
27	 0	 0	 0	
27	 0	 2	 2	
27	 0	28	23	
27	 0	32	27	
27	 0	26	28	
27	 0	30	25	
27	 0	34	32	
27	 0	15	15	

 0	 0	-858993460	-858993460	

 5	 0	25	25	
 5	 0	27	27	
 5	 0	26	24	
 5	 0	24	26	
 5	 0	28	28	
 5	 0	23	23	
 5	 0	22	 5	
 5	 0	 2	22	
 5	 0	20	20	
 5	 0	19	19	

15	 0	10	10	
15	 0	 0	15	
15	 0	16	 0	
15	 0	14	16	
15	 0	18	17	
15	 0	20	14	
15	 0	 8	18	
15	 0	 9	13	
15	 0	21	21	

 0	 0	-858993460	-858993460	

 0	 0	-858993460	-858993460	

13	 0	 0	 0	
13	 0	 1	 1	
13	 0	 8	13	
13	 0	14	 7	
13	 0	12	 8	
13	 0	 6	 9	
13	 0	 4	11	
13	 0	26	14	

 7	 0	 0	 0	
 7	 0	20	20	
 7	 0	 4	 3	
 7	 0	 8	 5	
 7	 0	12	16	
 7	 0	10	 4	
 7	 0	 6	 7	
 7	 0	22	 8	

 0	 0	-858993460	-858993460	

19	 0	 1	 1	
19	 0	 0	 0	
19	 0	20	20	
19	 0	22	19	
19	 0	33	22	
19	 0	34	21	
19	 0	18	33	
19	 0	32	34	
19	 0	30	30	

 0	 0	-858993460	-858993460	

21	 0	 0	 0	
21	 0	24	24	
21	 0	25	25	
21	 0	20	21	
21	 0	22	20	
21	 0	23	22	
21	 0	 1	23	
21	 0	26	 1	
21	 0	18	18	

 0	 0	-858993460	-858993460	

27	 0	 0	 0	
27	 0	 4	 4	
27	 0	 3	 3	
27	 0	 2	 2	
27	 0	26	26	
27	 0	 5	27	
27	 0	24	23	
27	 0	22	 5	

 3	 0	 1	 1	
 3	 0	 0	 3	
 3	 0	14	15	
 3	 0	 4	 0	
 3	 0	 2	 4	
 3	 0	16	14	
 3	 0	20	 2	
 3	 0	18	16	

 0	 0	-858993460	-858993460	

 0	 0	-858993460	-858993460	

31	 0	22	22	
31	 0	23	23	
31	 0	24	31	
31	 0	20	20	
31	 0	 1	 1	

15	 0	12	12	
15	 0	13	13	
15	 0	11	11	
15	 0	10	10	
15	 0	14	14	
15	 0	 9	 9	
15	 0	 0	 0	
15	 0	 8	15	
15	 0	 5	 5	
15	 0	17	17	

31	 0	 1	 1	
31	 0	24	24	
31	 0	22	22	
31	 0	23	23	
31	 0	32	33	
31	 0	25	25	
31	 0	26	27	
31	 0	30	31	
31	 0	 9	 9	

 0	 0	-858993460	-858993460	

 9	 0	13	13	
 9	 0	14	14	
 9	 0	15	15	
 9	 0	18	18	
 9	 0	12	12	
 9	 0	10	10	
 9	 0	 2	 9	
 9	 0	 4	11	
 9	 0	 0	 0	
 9	 0	32	32	

13	 0	17	17	
13	 0	16	16	
13	 0	18	18	
13	 0	15	15	
13	 0	 0	 0	
13	 0	14	14	
13	 0	19	13	
13	 0	12	19	
13	 0	32	32	

19	 0	 0	 0	
19	 0	22	19	
19	 0	18	22	
19	 0	14	14	

 0	 0	-858993460	-858993460	

19	 0	16	16	
19	 0	17	17	
19	 0	 0	 0	
19	 0	15	15	
19	 0	14	14	
19	 0	18	18	
19	 0	10	10	
19	 0	13	19	
19	 0	 2	 2	

29	 0	 2	 2	
29	 0	 6	 6	
29	 0	 7	 7	
29	 0	 3	 3	
29	 0	10	29	
29	 0	 4	 4	
29	 0	 8	 5	
29	 0	12	 8	
29	 0	 0	 0	
29	 0	20	20	

17	 0	 1	 1	
17	 0	20	20	
17	 0	19	19	
17	 0	 6	 6	
17	 0	 4	 7	
17	 0	 8	17	
17	 0	 2	 4	
17	 0	 0	 8	

 0	 0	-858993460	-858993460	

27	 0	 0	 0	
27	 0	 1	 1	
27	 0	26	26	
27	 0	28	25	
27	 0	 2	27	
27	 0	24	28	
27	 0	 4	 2	
27	 0	22	 3	

 9	 0	 6	 6	
 9	 0	 7	 7	
 9	 0	 2	 2	
 9	 0	10	 3	
 9	 0	 4	 4	
 9	 0	 3	 5	
 9	 0	 5	 9	
 9	 0	 8	10	
 9	 0	19	19	
 9	 0	20	20	

 0	 0	-858993460	-858993460	

 0	 0	-858993460	-858993460	

19	 0	 1	19	
19	 0	 0	 1	
19	 0	18	 0	
19	 0	20	20	

27	 0	21	21	
27	 0	20	20	
27	 0	22	22	
27	 0	24	24	
27	 0	23	23	
27	 0	25	25	
27	 0	30	27	
27	 0	28	29	
27	 0	17	17	

13	 0	19	19	
13	 0	 1	 1	
13	 0	21	21	
13	 0	20	13	
13	 0	18	20	
13	 0	22	18	
13	 0	12	22	
13	 0	24	12	
13	 0	 0	 0	

15	 0	19	19	
15	 0	18	18	
15	 0	20	20	
15	 0	16	16	
15	 0	17	17	
15	 0	21	21	
15	 0	14	15	
15	 0	22	14	
15	 0	13	13	

 0	 0	-858993460	-858993460	

20	 0	 1	 1	
20	 0	 0	 0	
20	 0	 2	 2	
20	 0	10	20	
20	 0	34	 3	
20	 0	 6	10	
20	 0	 4	34	
20	 0	30	 5	

 0	 0	-858993460	-858993460	

 3	 0	19	19	
 3	 0	20	20	
 3	 0	18	18	
 3	 0	 0	 0	
 3	 0	 1	 1	
 3	 0	 2	 2	
 3	 0	 4	 4	
 3	 0	 6	 3	

 0	 0	-858993460	-858993460	

 0	 0	-858993460	-858993460	

 0	 0	-858993460	-858993460	

21	 0	18	21	
21	 0	 1	18	
21	 0	24	23	
21	 0	19	 1	
21	 0	20	19	
21	 0	 0	24	
21	 0	26	20	
21	 0	22	 0	

25	 0	34	34	
25	 0	 1	 1	
25	 0	28	27	
25	 0	30	28	
25	 0	32	31	
25	 0	33	25	
25	 0	26	30	
25	 0	 0	32	
25	 0	 4	 4	
25	 0	 5	 5	

17	 0	 1	 1	
17	 0	15	15	
17	 0	14	17	
17	 0	16	14	
17	 0	18	16	
17	 0	 0	19	
17	 0	13	18	
17	 0	12	 0	
17	 0	 5	 5	
17	 0	19	19	

 0	 0	-858993460	-858993460	

19	 0	 1	 1	
19	 0	28	28	
19	 0	29	29	
19	 0	20	20	
19	 0	30	19	
19	 0	24	23	
19	 0	27	24	
19	 0	32	25	
19	 0	18	18	

17	 0	23	23	
17	 0	22	17	
17	 0	13	22	
17	 0	14	13	
17	 0	21	14	
17	 0	15	21	
17	 0	16	15	
17	 0	 1	16	
17	 0	 2	 2	

27	 0	29	29	
27	 0	 0	 0	
27	 0	30	30	
27	 0	31	31	
27	 0	28	28	
27	 0	26	26	
27	 0	24	27	
27	 0	32	24	
27	 0	19	19	
27	 0	18	18	

17	 0	12	12	
17	 0	13	13	
17	 0	14	14	
17	 0	16	16	
17	 0	15	15	
17	 0	11	11	
17	 0	 8	17	
17	 0	18	 8	
17	 0	27	27	

 7	 0	 2	 7	
 7	 0	 3	 2	
 7	 0	 5	 3	
 7	 0	 4	 5	
 7	 0	 8	 4	
 7	 0	 6	 9	
 7	 0	18	 8	
 7	 0	 1	 6	
 7	 0	16	16	

19	 0	 1	 1	
19	 0	12	12	
19	 0	11	17	
19	 0	13	11	
19	 0	 8	13	
19	 0	18	 8	
19	 0	16	 9	
19	 0	 6	19	
19	 0	 0	 0	

 0	 0	-858993460	-858993460	

31	 0	28	28	
31	 0	27	27	
31	 0	26	26	
31	 0	30	30	
31	 0	 0	 0	
31	 0	25	25	
31	 0	29	29	
31	 0	32	31	
31	 0	20	20	
31	 0	 4	 4	

 9	 0	16	16	
 9	 0	 1	 1	
 9	 0	12	12	
 9	 0	 2	13	
 9	 0	10	11	
 9	 0	 4	 9	
 9	 0	 8	 2	
 9	 0	19	 3	
 9	 0	 0	 0	

 0	 0	-858993460	-858993460	

21	 0	 1	 1	
21	 0	17	17	
21	 0	22	16	
21	 0	16	22	
21	 0	18	15	
21	 0	30	18	
21	 0	34	21	
21	 0	24	24	
21	 0	 0	 0	

 0	 0	-858993460	-858993460	

 0	 0	-858993460	-858993460	

 5	 0	 2	 5	
 5	 0	18	 9	
 5	 0	12	11	
 5	 0	 6	 2	
 5	 0	 3	 7	
 5	 0	 4	12	
 5	 0	 8	18	
 5	 0	19	 6	
 5	 0	30	30	

 0	 0	-858993460	-858993460	

19	 0	 1	 1	
19	 0	 0	 0	
19	 0	18	18	
19	 0	10	10	
19	 0	 2	19	
19	 0	14	 2	
19	 0	 6	 7	
19	 0	 4	14	
19	 0	22	22	

31	 0	20	20	
31	 0	21	21	
31	 0	25	25	
31	 0	24	24	
31	 0	22	22	
31	 0	23	23	
31	 0	30	31	
31	 0	28	30	
31	 0	19	19	
31	 0	18	18	

13	 0	20	20	
13	 0	18	18	
13	 0	19	19	
13	 0	21	21	
13	 0	16	16	
13	 0	17	13	
13	 0	 1	17	
13	 0	14	 1	
13	 0	 0	 0	

 0	 0	-858993460	-858993460	

19	 0	 1	19	
19	 0	 8	 1	
19	 0	 0	 8	
19	 0	15	15	
19	 0	18	18	

11	 0	 0	 0	
11	 0	13	13	
11	 0	14	14	
11	 0	12	12	
11	 0	15	11	
11	 0	18	15	
11	 0	 1	19	
11	 0	16	18	
11	 0	19	19	

19	 0	22	22	
19	 0	 1	 1	
19	 0	20	19	
19	 0	21	20	
19	 0	18	21	
19	 0	23	18	
19	 0	24	23	
19	 0	26	24	
19	 0	 8	 8	

 0	 0	-858993460	-858993460	

31	 0	24	24	
31	 0	34	25	
31	 0	25	33	
31	 0	33	34	
31	 0	23	23	
31	 0	32	31	
31	 0	18	32	
31	 0	22	18	
31	 0	19	19	

 7	 0	30	30	
 7	 0	29	29	
 7	 0	31	31	
 7	 0	32	32	
 7	 0	 1	 1	
 7	 0	28	28	
 7	 0	 0	 0	
 7	 0	 8	 7	
 7	 0	17	17	

31	 0	 1	 1	
31	 0	 0	 0	
31	 0	30	13	
31	 0	14	15	
31	 0	12	30	
31	 0	32	14	
31	 0	34	12	
31	 0	16	31	
31	 0	18	18	
31	 0	17	17	

23	 0	20	20	
23	 0	19	19	
23	 0	18	18	
23	 0	21	21	
23	 0	 1	 1	
23	 0	 0	23	
23	 0	24	 0	
23	 0	22	24	

28	 0	 2	 2	
28	 0	 1	 1	
28	 0	 0	 0	
28	 0	 3	 5	
28	 0	 4	 3	
28	 0	12	 4	
28	 0	18	28	
28	 0	14	12	

19	 0	22	22	
19	 0	24	19	
19	 0	20	24	
19	 0	21	20	
19	 0	23	21	
19	 0	26	23	
19	 0	18	26	
19	 0	25	18	

25	 0	 1	25	
25	 0	28	 1	
25	 0	27	27	
25	 0	26	28	
25	 0	 8	 8	
25	 0	 0	26	
25	 0	10	 0	
25	 0	24	23	
25	 0	32	32	

17	 0	 1	 1	
17	 0	14	14	
17	 0	15	15	
17	 0	12	12	
17	 0	13	13	
17	 0	 0	17	
17	 0	18	 0	
17	 0	 8	 9	
17	 0	25	25	

17	 0	 0	 0	
17	 0	 1	17	
17	 0	18	 1	
17	 0	20	18	
17	 0	22	19	
17	 0	16	20	
17	 0	14	15	
17	 0	34	21	

23	 0	 0	23	
23	 0	 1	 0	
23	 0	22	 1	
23	 0	24	22	
23	 0	20	24	
23	 0	12	15	
23	 0	16	20	
23	 0	14	21	
23	 0	15	15	

24	 0	 0	24	
24	 0	 1	 0	
24	 0	 4	25	
24	 0	26	26	

23	 0	 0	 0	
23	 0	 3	23	
23	 0	 2	 3	
23	 0	24	24	
23	 0	 1	 1	

23	 0	29	31	
23	 0	28	29	
23	 0	 0	28	
23	 0	30	 0	
23	 0	27	30	
23	 0	24	23	
23	 0	34	25	
23	 0	26	27	
23	 0	31	31	
23	 0	 1	 1	

 0	 0	-858993460	-858993460	

27	 0	22	22	
27	 0	 0	 0	
27	 0	24	24	
27	 0	28	28	
27	 0	23	23	
27	 0	21	29	
27	 0	20	27	
27	 0	18	21	

23	 0	 1	23	
23	 0	10	 1	
23	 0	 0	10	
23	 0	11	13	
23	 0	 9	 0	
23	 0	14	11	
23	 0	 8	 9	
23	 0	22	14	
23	 0	24	24	

27	 0	24	24	
27	 0	22	22	
27	 0	25	25	
27	 0	21	21	
27	 0	23	27	
27	 0	28	23	
27	 0	 0	28	
27	 0	26	 0	
27	 0	20	20	

25	 0	 0	 0	
25	 0	10	10	
25	 0	11	25	
25	 0	 9	11	
25	 0	 8	 9	
25	 0	 1	 8	
25	 0	 4	 1	
25	 0	 6	 4	
25	 0	21	21	
25	 0	22	22	

 0	 0	-858993460	-858993460	

 0	 0	-858993460	-858993460	

 0	 0	-858993460	-858993460	

 0	 0	-858993460	-858993460	

 0	 0	-858993460	-858993460	

21	 0	 1	21	
21	 0	 0	19	
21	 0	20	 1	
21	 0	22	 0	
21	 0	24	20	
21	 0	18	22	
21	 0	 2	23	
21	 0	26	24	

27	 0	25	27	
27	 0	 0	25	
27	 0	24	 0	
27	 0	26	24	
27	 0	28	26	
27	 0	23	28	
27	 0	22	29	
27	 0	30	23	
27	 0	21	21	

 0	 0	-858993460	-858993460	

 0	 0	-858993460	-858993460	

25	 0	22	22	
25	 0	21	21	
25	 0	34	27	
25	 0	20	34	
25	 0	 1	20	
25	 0	26	 1	
25	 0	23	25	
25	 0	33	26	
25	 0	 0	 0	

21	 0	 0	 0	
21	 0	 1	 1	
21	 0	22	23	
21	 0	24	22	
21	 0	20	24	
21	 0	32	21	
21	 0	28	20	
21	 0	 2	32	

 0	 0	-858993460	-858993460	

11	 0	27	27	
11	 0	28	28	
11	 0	 0	 0	
11	 0	29	29	
11	 0	26	26	
11	 0	30	30	
11	 0	24	25	
11	 0	10	11	
11	 0	 1	 1	

 0	 0	-858993460	-858993460	

20	 0	 1	20	
20	 0	 0	 1	
20	 0	28	 0	
20	 0	30	28	
20	 0	 2	30	
20	 0	26	29	
20	 0	34	 2	
20	 0	32	26	
20	 0	22	22	

21	 0	 0	 0	
21	 0	 1	21	
21	 0	22	 1	
21	 0	19	19	

 0	 0	-858993460	-858993460	

 0	 0	-858993460	-858993460	

 0	 0	-858993460	-858993460	

 9	 0	 0	 0	
 9	 0	 1	 1	
 9	 0	26	26	
 9	 0	10	11	
 9	 0	12	10	
 9	 0	14	 9	
 9	 0	34	12	
 9	 0	 8	15	

20	 0	 7	20	
20	 0	 6	 7	
20	 0	 5	 5	
20	 0	 4	 6	
20	 0	 8	 4	
20	 0	 1	19	
20	 0	 0	 8	
20	 0	10	 1	

17	 0	 1	 1	
17	 0	 0	 0	
17	 0	10	19	
17	 0	16	17	
17	 0	 8	10	
17	 0	20	16	
17	 0	26	 8	
17	 0	18	20	

 7	 0	 0	 0	
 7	 0	 2	 2	
 7	 0	 3	 3	
 7	 0	 4	 7	
 7	 0	 6	 4	
 7	 0	14	 5	
 7	 0	32	 6	
 7	 0	 8	14	
 7	 0	21	21	
 7	 0	20	20	

 0	 0	-858993460	-858993460	

17	 0	14	14	
17	 0	15	15	
17	 0	13	13	
17	 0	 1	17	
17	 0	 0	 1	
17	 0	16	 0	
17	 0	 7	16	
17	 0	 6	 7	
17	 0	 4	 4	

31	 0	 4	 4	
31	 0	 0	 0	
31	 0	 2	31	
31	 0	 8	 2	
31	 0	 3	 3	
31	 0	 5	 5	
31	 0	 6	 8	
31	 0	10	11	
31	 0	22	22	

29	 0	34	34	
29	 0	33	29	
29	 0	 0	33	
29	 0	30	 0	
29	 0	32	30	
29	 0	31	31	
29	 0	24	32	
29	 0	28	24	
29	 0	 4	 4	

 0	 0	-858993460	-858993460	

 3	 0	 9	 9	
 3	 0	10	10	
 3	 0	 8	 8	
 3	 0	11	11	
 3	 0	 7	 7	
 3	 0	 2	 2	
 3	 0	 4	 3	
 3	 0	12	 4	
 3	 0	 5	 5	
 3	 0	 0	 0	

 0	 0	-858993460	-858993460	

15	 0	21	21	
15	 0	22	20	
15	 0	20	22	
15	 0	19	19	
15	 0	16	15	
15	 0	18	16	
15	 0	10	17	
15	 0	 1	18	
15	 0	 0	 0	

 0	 0	-858993460	-858993460	

19	 0	 1	 1	
19	 0	17	19	
19	 0	16	17	
19	 0	28	28	

17	 0	 2	 2	
17	 0	 1	 1	
17	 0	 3	 3	
17	 0	 4	 4	
17	 0	10	 5	
17	 0	 6	17	
17	 0	20	10	
17	 0	 0	 6	
17	 0	28	28	

 0	 0	-858993460	-858993460	

13	 0	 1	13	
13	 0	 0	 1	
13	 0	12	 0	
13	 0	 8	12	
13	 0	10	11	
13	 0	18	 9	
13	 0	 6	 8	
13	 0	14	10	

 0	 0	-858993460	-858993460	

 7	 0	12	12	
 7	 0	11	11	
 7	 0	10	10	
 7	 0	13	13	
 7	 0	 9	 9	
 7	 0	 8	 8	
 7	 0	14	 7	
 7	 0	 6	14	
 7	 0	18	18	
 7	 0	19	19	

17	 0	 0	 0	
17	 0	29	29	
17	 0	30	17	
17	 0	18	19	
17	 0	20	30	
17	 0	28	18	
17	 0	31	20	
17	 0	32	28	
17	 0	19	19	

19	 0	 0	19	
19	 0	 1	 0	
19	 0	18	 1	
19	 0	20	18	
19	 0	24	20	
19	 0	22	17	
19	 0	14	21	
19	 0	12	24	

 0	 0	-858993460	-858993460	

17	 0	12	12	
17	 0	13	17	
17	 0	11	13	
17	 0	 1	11	
17	 0	16	15	
17	 0	34	 1	
17	 0	14	16	
17	 0	18	34	
17	 0	19	19	

 0	 0	-858993460	-858993460	

 0	 0	-858993460	-858993460	

19	 0	 0	 0	
19	 0	 1	 1	
19	 0	18	18	
19	 0	 4	19	
19	 0	20	 4	
19	 0	 6	20	
19	 0	 8	 7	
19	 0	16	 3	

17	 0	 0	17	
17	 0	 1	19	
17	 0	26	 0	
17	 0	14	 1	
17	 0	 2	26	
17	 0	12	27	
17	 0	 3	11	
17	 0	18	14	

 9	 0	13	13	
 9	 0	12	11	
 9	 0	11	12	
 9	 0	18	18	
 9	 0	 1	 1	
 9	 0	10	 9	
 9	 0	16	10	
 9	 0	 8	16	
 9	 0	19	19	

13	 0	18	18	
13	 0	 1	 1	
13	 0	17	17	
13	 0	14	13	
13	 0	19	14	
13	 0	12	15	
13	 0	20	19	
13	 0	16	12	
13	 0	30	30	

23	 0	27	27	
23	 0	28	23	
23	 0	 0	28	
23	 0	29	25	
23	 0	24	 0	
23	 0	 1	29	
23	 0	34	24	
23	 0	26	 1	
23	 0	18	18	
23	 0	11	11	

17	 0	 0	17	
17	 0	28	 0	
17	 0	 1	28	
17	 0	18	 1	
17	 0	16	18	
17	 0	29	16	
17	 0	30	29	
17	 0	20	30	
17	 0	11	11	

17	 0	19	19	
17	 0	22	22	
17	 0	21	21	
17	 0	20	20	
17	 0	18	18	
17	 0	23	17	
17	 0	 1	23	
17	 0	16	 1	

